graph algo p k cores repeat v local_e cross_e read_time running_time rounds matching_size matching_weight
fbA kCS random 16 1 0 357059 43057511 0 18.214551 9.021720 557 62610 47847442517.00
fbA kCS random 16 1 1 357059 43057511 0 18.155360 9.042481 559 62607 47847430676.00
fbA kCS random 16 1 2 357059 43057511 0 18.559011 8.992432 555 62610 47847436079.00
fbA kCS random 32 1 0 357059 43057511 0 18.393878 11.777910 963 120240 79337815405.00
fbA kCS random 32 1 1 357059 43057511 0 18.580110 11.811999 942 120246 79337820105.00
fbA kCS random 32 1 2 357059 43057511 0 18.464525 11.883702 974 120252 79337813976.00
fbA kCS random 4 1 0 357059 43057511 0 18.643908 7.825018 156 16324 17915577116.00
fbA kCS random 4 1 1 357059 43057511 0 19.102875 7.817035 151 16316 17915554149.00
fbA kCS random 4 1 2 357059 43057511 0 18.390439 7.803706 155 16321 17915580105.00
fbC kCS random 16 1 0 990023 40654711 0 18.190150 16.756127 618 59379 369196110795.00
fbC kCS random 16 1 1 990023 40654711 0 18.436325 16.846246 607 59380 369195416020.00
fbC kCS random 16 1 2 990023 40654711 0 18.819799 16.925939 612 59380 369196062604.00
fbC kCS random 32 1 0 990023 40654711 0 18.337462 24.819078 1065 116163 414694531434.00
fbC kCS random 32 1 1 990023 40654711 0 18.257068 25.089457 1076 116161 414693888846.00
fbC kCS random 32 1 2 990023 40654711 0 18.382968 24.585512 1049 116161 414694904034.00
fbC kCS random 4 1 0 990023 40654711 0 18.280927 7.434923 129 16760 138331289724.00
fbC kCS random 4 1 1 990023 40654711 0 18.279550 7.432376 130 16761 138331247551.00
fbC kCS random 4 1 2 990023 40654711 0 18.187146 7.462741 129 16762 138331290691.00
rmat_s20_ef48_0.25_0.25_0.25_0.25_exp kCS random 16 1 0 1048576 50329356 0 28.774866 11.231834 169 8289694 717952339318.00
rmat_s20_ef48_0.25_0.25_0.25_0.25_exp kCS random 16 1 1 1048576 50329356 0 28.553128 11.194370 169 8289616 717951202140.00
rmat_s20_ef48_0.25_0.25_0.25_0.25_exp kCS random 16 1 2 1048576 50329356 0 29.103160 11.138000 169 8289608 717953470947.00
rmat_s20_ef48_0.25_0.25_0.25_0.25_exp kCS random 32 1 0 1048576 50329356 0 29.527128 17.319365 252 16545143 1095275806901.00
rmat_s20_ef48_0.25_0.25_0.25_0.25_exp kCS random 32 1 1 1048576 50329356 0 28.905993 17.315802 251 16544828 1095272436987.00
rmat_s20_ef48_0.25_0.25_0.25_0.25_exp kCS random 32 1 2 1048576 50329356 0 29.288599 17.328874 252 16544789 1095276261800.00
rmat_s20_ef48_0.25_0.25_0.25_0.25_exp kCS random 4 1 0 1048576 50329356 0 29.283779 5.317862 60 2074901 254876588544.00
rmat_s20_ef48_0.25_0.25_0.25_0.25_exp kCS random 4 1 1 1048576 50329356 0 28.866859 5.305730 60 2074903 254876558431.00
rmat_s20_ef48_0.25_0.25_0.25_0.25_exp kCS random 4 1 2 1048576 50329356 0 28.657276 5.315835 60 2074895 254876505045.00
rmat_s20_ef48_0.25_0.25_0.25_0.25_uni kCS random 16 1 0 1048576 50329246 0 29.293669 11.139941 168 8289803 3708185772652.00
rmat_s20_ef48_0.25_0.25_0.25_0.25_uni kCS random 16 1 1 1048576 50329246 0 29.294953 11.114130 165 8289761 3708157803811.00
rmat_s20_ef48_0.25_0.25_0.25_0.25_uni kCS random 16 1 2 1048576 50329246 0 29.644650 11.180848 166 8289766 3708162046923.00
rmat_s20_ef48_0.25_0.25_0.25_0.25_uni kCS random 32 1 0 1048576 50329246 0 29.379506 17.351680 249 16545360 6765924491298.00
rmat_s20_ef48_0.25_0.25_0.25_0.25_uni kCS random 32 1 1 1048576 50329246 0 29.520019 17.291236 252 16544871 6765869315740.00
rmat_s20_ef48_0.25_0.25_0.25_0.25_uni kCS random 32 1 2 1048576 50329246 0 29.387592 17.384938 250 16544881 6765921838632.00
rmat_s20_ef48_0.25_0.25_0.25_0.25_uni kCS random 4 1 0 1048576 50329246 0 29.383783 5.304478 61 2074731 985248043274.00
rmat_s20_ef48_0.25_0.25_0.25_0.25_uni kCS random 4 1 1 1048576 50329246 0 29.346342 5.305970 61 2074744 985250340296.00
rmat_s20_ef48_0.25_0.25_0.25_0.25_uni kCS random 4 1 2 1048576 50329246 0 29.295169 5.288801 61 2074729 985251187877.00
rmat_s20_ef48_0.45_0.15_0.15_0.25_exp kCS random 16 1 0 1048576 50135288 0 27.914710 12.362064 157 7497865 572598093143.00
rmat_s20_ef48_0.45_0.15_0.15_0.25_exp kCS random 16 1 1 1048576 50135288 0 27.530648 12.480003 156 7497859 572597574781.00
rmat_s20_ef48_0.45_0.15_0.15_0.25_exp kCS random 16 1 2 1048576 50135288 0 27.708658 12.360156 156 7497869 572596922466.00
rmat_s20_ef48_0.45_0.15_0.15_0.25_exp kCS random 32 1 0 1048576 50135288 0 27.273490 19.617438 259 13657152 839436589245.00
rmat_s20_ef48_0.45_0.15_0.15_0.25_exp kCS random 32 1 1 1048576 50135288 0 27.593219 19.573946 259 13657236 839436009807.00
rmat_s20_ef48_0.45_0.15_0.15_0.25_exp kCS random 32 1 2 1048576 50135288 0 27.740547 19.723397 260 13657241 839436814907.00
rmat_s20_ef48_0.45_0.15_0.15_0.25_exp kCS random 4 1 0 1048576 50135288 0 27.546668 6.044482 56 1983088 215865331351.00
rmat_s20_ef48_0.45_0.15_0.15_0.25_exp kCS random 4 1 1 1048576 50135288 0 27.518576 5.990158 56 1983090 215865228432.00
rmat_s20_ef48_0.45_0.15_0.15_0.25_exp kCS random 4 1 2 1048576 50135288 0 27.888572 6.019932 56 1983093 215865348151.00
rmat_s20_ef48_0.45_0.15_0.15_0.25_uni kCS random 16 1 0 1048576 50135639 0 27.730552 12.685457 159 7500249 3039072419552.00
rmat_s20_ef48_0.45_0.15_0.15_0.25_uni kCS random 16 1 1 1048576 50135639 0 27.860677 12.751588 159 7500097 3039059562419.00
rmat_s20_ef48_0.45_0.15_0.15_0.25_uni kCS random 16 1 2 1048576 50135639 0 27.747912 12.790412 159 7500096 3039064321603.00
rmat_s20_ef48_0.45_0.15_0.15_0.25_uni kCS random 32 1 0 1048576 50135639 0 27.652132 19.910362 268 13661239 5046498212181.00
rmat_s20_ef48_0.45_0.15_0.15_0.25_uni kCS random 32 1 1 1048576 50135639 0 27.826152 19.976053 268 13661070 5046494581880.00
rmat_s20_ef48_0.45_0.15_0.15_0.25_uni kCS random 32 1 2 1048576 50135639 0 28.053512 19.918973 268 13661194 5046498746792.00
rmat_s20_ef48_0.45_0.15_0.15_0.25_uni kCS random 4 1 0 1048576 50135639 0 27.905639 6.049133 58 1983336 891730428308.00
rmat_s20_ef48_0.45_0.15_0.15_0.25_uni kCS random 4 1 1 1048576 50135639 0 28.116932 6.023653 58 1983315 891724534377.00
rmat_s20_ef48_0.45_0.15_0.15_0.25_uni kCS random 4 1 2 1048576 50135639 0 27.913132 6.030939 58 1983306 891725587516.00
rmat_s20_ef48_0.55_0.15_0.15_0.15_exp kCS random 16 1 0 1048576 48121491 0 24.991411 12.666618 166 4086018 294533256708.00
rmat_s20_ef48_0.55_0.15_0.15_0.15_exp kCS random 16 1 1 1048576 48121491 0 25.029768 12.628436 166 4086005 294532984924.00
rmat_s20_ef48_0.55_0.15_0.15_0.15_exp kCS random 16 1 2 1048576 48121491 0 24.815266 12.615697 166 4086027 294533320334.00
rmat_s20_ef48_0.55_0.15_0.15_0.15_exp kCS random 32 1 0 1048576 48121491 0 24.781720 20.662086 309 6744780 428174911435.00
rmat_s20_ef48_0.55_0.15_0.15_0.15_exp kCS random 32 1 1 1048576 48121491 0 25.047074 20.646084 309 6744776 428175011066.00
rmat_s20_ef48_0.55_0.15_0.15_0.15_exp kCS random 32 1 2 1048576 48121491 0 24.685354 20.317266 309 6744782 428175056530.00
rmat_s20_ef48_0.55_0.15_0.15_0.15_exp kCS random 4 1 0 1048576 48121491 0 24.786664 6.398312 53 1324968 120664678742.00
rmat_s20_ef48_0.55_0.15_0.15_0.15_exp kCS random 4 1 1 1048576 48121491 0 24.843437 6.417439 53 1324970 120664628057.00
rmat_s20_ef48_0.55_0.15_0.15_0.15_exp kCS random 4 1 2 1048576 48121491 0 24.773531 6.396346 53 1324971 120664671309.00
rmat_s20_ef48_0.55_0.15_0.15_0.15_uni kCS random 16 1 0 1048576 48125802 0 25.014699 12.522977 164 4088384 1533137444269.00
rmat_s20_ef48_0.55_0.15_0.15_0.15_uni kCS random 16 1 1 1048576 48125802 0 24.938797 12.666488 164 4088369 1533129676616.00
rmat_s20_ef48_0.55_0.15_0.15_0.15_uni kCS random 16 1 2 1048576 48125802 0 25.345701 12.522467 164 4088375 1533130192718.00
rmat_s20_ef48_0.55_0.15_0.15_0.15_uni kCS random 32 1 0 1048576 48125802 0 25.129412 20.678649 312 6747112 2402178672880.00
rmat_s20_ef48_0.55_0.15_0.15_0.15_uni kCS random 32 1 1 1048576 48125802 0 24.800661 20.696837 312 6747113 2402173426423.00
rmat_s20_ef48_0.55_0.15_0.15_0.15_uni kCS random 32 1 2 1048576 48125802 0 24.897767 20.566635 312 6747092 2402176835499.00
rmat_s20_ef48_0.55_0.15_0.15_0.15_uni kCS random 4 1 0 1048576 48125802 0 25.236851 6.451545 54 1325444 536854983343.00
rmat_s20_ef48_0.55_0.15_0.15_0.15_uni kCS random 4 1 1 1048576 48125802 0 25.183957 6.441209 54 1325452 536857595768.00
rmat_s20_ef48_0.55_0.15_0.15_0.15_uni kCS random 4 1 2 1048576 48125802 0 25.169432 6.424912 54 1325443 536857954924.00
fbA kCS random 16 2 0 357059 21518468 21539043 18.142512 6.077864 569 62610 47847442517.00
fbA kCS random 16 2 1 357059 21533735 21523776 17.903200 6.139124 576 62607 47847430676.00
fbA kCS random 16 2 2 357059 21530347 21527164 18.025175 6.118074 570 62610 47847436079.00
fbA kCS random 32 2 0 357059 21518468 21539043 17.993480 7.972647 979 120240 79337815405.00
fbA kCS random 32 2 1 357059 21533735 21523776 18.397568 8.081538 951 120246 79337820105.00
fbA kCS random 32 2 2 357059 21530347 21527164 18.039221 8.031504 985 120252 79337813976.00
fbA kCS random 4 2 0 357059 21518468 21539043 17.962536 5.456024 173 16324 17915577116.00
fbA kCS random 4 2 1 357059 21533735 21523776 18.152083 5.500600 165 16316 17915554149.00
fbA kCS random 4 2 2 357059 21530347 21527164 17.856541 5.481430 169 16321 17915580105.00
fbC kCS random 16 2 0 990023 20325086 20329625 18.030183 11.522978 629 59379 369196110795.00
fbC kCS random 16 2 1 990023 20321877 20332834 18.069585 11.651295 613 59380 369195416020.00
fbC kCS random 16 2 2 990023 20330339 20324372 17.910559 11.654204 628 59380 369196062604.00
fbC kCS random 32 2 0 990023 20325086 20329625 17.933656 18.301436 1075 116163 414694531434.00
fbC kCS random 32 2 1 990023 20321877 20332834 17.883690 18.452644 1090 116161 414693888846.00
fbC kCS random 32 2 2 990023 20330339 20324372 17.896526 18.185685 1062 116161 414694904034.00
fbC kCS random 4 2 0 990023 20325086 20329625 17.973143 4.956780 148 16760 138331289724.00
fbC kCS random 4 2 1 990023 20321877 20332834 17.870268 4.984840 154 16761 138331247551.00
fbC kCS random 4 2 2 990023 20330339 20324372 17.995309 4.917284 148 16762 138331290691.00
rmat_s20_ef48_0.25_0.25_0.25_0.25_exp kCS random 16 2 0 1048576 25158138 25171218 25.726011 6.866522 172 8289694 717952339318.00
rmat_s20_ef48_0.25_0.25_0.25_0.25_exp kCS random 16 2 1 1048576 25161224 25168132 25.463697 6.848705 171 8289616 717951202140.00
rmat_s20_ef48_0.25_0.25_0.25_0.25_exp kCS random 16 2 2 1048576 25159967 25169389 25.314214 6.887807 172 8289608 717953470947.00
rmat_s20_ef48_0.25_0.25_0.25_0.25_exp kCS random 32 2 0 1048576 25158138 25171218 25.348766 10.799495 253 16545143 1095275806901.00
rmat_s20_ef48_0.25_0.25_0.25_0.25_exp kCS random 32 2 1 1048576 25161224 25168132 25.665049 10.838705 252 16544828 1095272436987.00
rmat_s20_ef48_0.25_0.25_0.25_0.25_exp kCS random 32 2 2 1048576 25159967 25169389 26.183516 10.894352 252 16544789 1095276261800.00
rmat_s20_ef48_0.25_0.25_0.25_0.25_exp kCS random 4 2 0 1048576 25158138 25171218 25.383165 3.256160 63 2074901 254876588544.00
rmat_s20_ef48_0.25_0.25_0.25_0.25_exp kCS random 4 2 1 1048576 25161224 25168132 25.679862 3.236397 63 2074903 254876558431.00
rmat_s20_ef48_0.25_0.25_0.25_0.25_exp kCS random 4 2 2 1048576 25159967 25169389 25.739020 3.248769 64 2074895 254876505045.00
rmat_s20_ef48_0.25_0.25_0.25_0.25_uni kCS random 16 2 0 1048576 25165098 25164148 25.772560 6.811690 168 8289803 3708185772652.00
rmat_s20_ef48_0.25_0.25_0.25_0.25_uni kCS random 16 2 1 1048576 25166624 25162622 25.705250 6.830594 167 8289761 3708157803811.00
rmat_s20_ef48_0.25_0.25_0.25_0.25_uni kCS random 16 2 2 1048576 25166258 25162988 25.598341 6.858014 168 8289766 3708162046923.00
rmat_s20_ef48_0.25_0.25_0.25_0.25_uni kCS random 32 2 0 1048576 25165098 25164148 25.838944 10.743415 251 16545360 6765924491298.00
rmat_s20_ef48_0.25_0.25_0.25_0.25_uni kCS random 32 2 1 1048576 25166624 25162622 25.806410 10.808486 255 16544871 6765869315740.00
rmat_s20_ef48_0.25_0.25_0.25_0.25_uni kCS random 32 2 2 1048576 25166258 25162988 26.198364 10.717828 251 16544881 6765921838632.00
rmat_s20_ef48_0.25_0.25_0.25_0.25_uni kCS random 4 2 0 1048576 25165098 25164148 25.816110 3.220424 65 2074731 985248043274.00
rmat_s20_ef48_0.25_0.25_0.25_0.25_uni kCS random 4 2 1 1048576 25166624 25162622 25.727356 3.237409 64 2074744 985250340296.00
rmat_s20_ef48_0.25_0.25_0.25_0.25_uni kCS random 4 2 2 1048576 25166258 25162988 26.252281 3.239580 65 2074729 985251187877.00
rmat_s20_ef48_0.45_0.15_0.15_0.25_exp kCS random 16 2 0 1048576 25070612 25064676 24.768564 7.741223 159 7497865 572598093143.00
rmat_s20_ef48_0.45_0.15_0.15_0.25_exp kCS random 16 2 1 1048576 25068784 25066504 24.820569 7.660000 161 7497859 572597574781.00
rmat_s20_ef48_0.45_0.15_0.15_0.25_exp kCS random 16 2 2 1048576 25068389 25066899 24.446730 7.703671 162 7497869 572596922466.00
rmat_s20_ef48_0.45_0.15_0.15_0.25_exp kCS random 32 2 0 1048576 25070612 25064676 24.535283 12.182970 261 13657152 839436589245.00
rmat_s20_ef48_0.45_0.15_0.15_0.25_exp kCS random 32 2 1 1048576 25068784 25066504 24.676756 12.200053 263 13657236 839436009807.00
rmat_s20_ef48_0.45_0.15_0.15_0.25_exp kCS random 32 2 2 1048576 25068389 25066899 24.885287 12.307295 262 13657241 839436814907.00
rmat_s20_ef48_0.45_0.15_0.15_0.25_exp kCS random 4 2 0 1048576 25070612 25064676 24.642365 3.706602 61 1983088 215865331351.00
rmat_s20_ef48_0.45_0.15_0.15_0.25_exp kCS random 4 2 1 1048576 25068784 25066504 24.654318 3.673849 60 1983090 215865228432.00
rmat_s20_ef48_0.45_0.15_0.15_0.25_exp kCS random 4 2 2 1048576 25068389 25066899 24.613164 3.683239 61 1983093 215865348151.00
rmat_s20_ef48_0.45_0.15_0.15_0.25_uni kCS random 16 2 0 1048576 25063135 25072504 24.752018 7.809785 163 7500249 3039072419552.00
rmat_s20_ef48_0.45_0.15_0.15_0.25_uni kCS random 16 2 1 1048576 25067561 25068078 25.095973 7.876396 164 7500097 3039059562419.00
rmat_s20_ef48_0.45_0.15_0.15_0.25_uni kCS random 16 2 2 1048576 25063046 25072593 24.851433 7.918145 162 7500096 3039064321603.00
rmat_s20_ef48_0.45_0.15_0.15_0.25_uni kCS random 32 2 0 1048576 25063135 25072504 24.676206 12.490317 271 13661239 5046498212181.00
rmat_s20_ef48_0.45_0.15_0.15_0.25_uni kCS random 32 2 1 1048576 25067561 25068078 24.920875 12.460711 269 13661070 5046494581880.00
rmat_s20_ef48_0.45_0.15_0.15_0.25_uni kCS random 32 2 2 1048576 25063046 25072593 25.008964 12.588634 274 13661194 5046498746792.00
rmat_s20_ef48_0.45_0.15_0.15_0.25_uni kCS random 4 2 0 1048576 25063135 25072504 24.808545 3.693120 60 1983336 891730428308.00
rmat_s20_ef48_0.45_0.15_0.15_0.25_uni kCS random 4 2 1 1048576 25067561 25068078 24.769861 3.676296 61 1983315 891724534377.00
rmat_s20_ef48_0.45_0.15_0.15_0.25_uni kCS random 4 2 2 1048576 25063046 25072593 25.913780 3.693930 62 1983306 891725587516.00
rmat_s20_ef48_0.55_0.15_0.15_0.15_exp kCS random 16 2 0 1048576 24063168 24058323 22.840907 7.819045 170 4086018 294533256708.00
rmat_s20_ef48_0.55_0.15_0.15_0.15_exp kCS random 16 2 1 1048576 24067675 24053816 22.539222 7.813788 171 4086005 294532984924.00
rmat_s20_ef48_0.55_0.15_0.15_0.15_exp kCS random 16 2 2 1048576 24060305 24061186 22.766123 7.792426 170 4086027 294533320334.00
rmat_s20_ef48_0.55_0.15_0.15_0.15_exp kCS random 32 2 0 1048576 24063168 24058323 22.422102 12.927603 317 6744780 428174911435.00
rmat_s20_ef48_0.55_0.15_0.15_0.15_exp kCS random 32 2 1 1048576 24067675 24053816 22.344343 12.843694 312 6744776 428175011066.00
rmat_s20_ef48_0.55_0.15_0.15_0.15_exp kCS random 32 2 2 1048576 24060305 24061186 22.907647 12.763142 315 6744782 428175056530.00
rmat_s20_ef48_0.55_0.15_0.15_0.15_exp kCS random 4 2 0 1048576 24063168 24058323 22.397572 3.902774 58 1324968 120664678742.00
rmat_s20_ef48_0.55_0.15_0.15_0.15_exp kCS random 4 2 1 1048576 24067675 24053816 22.306850 3.891255 58 1324970 120664628057.00
rmat_s20_ef48_0.55_0.15_0.15_0.15_exp kCS random 4 2 2 1048576 24060305 24061186 22.645281 3.893610 59 1324971 120664671309.00
rmat_s20_ef48_0.55_0.15_0.15_0.15_uni kCS random 16 2 0 1048576 24056023 24069779 22.936627 7.719309 168 4088384 1533137444269.00
rmat_s20_ef48_0.55_0.15_0.15_0.15_uni kCS random 16 2 1 1048576 24066811 24058991 22.846038 7.793512 168 4088369 1533129676616.00
rmat_s20_ef48_0.55_0.15_0.15_0.15_uni kCS random 16 2 2 1048576 24062508 24063294 22.744273 7.817469 169 4088375 1533130192718.00
rmat_s20_ef48_0.55_0.15_0.15_0.15_uni kCS random 32 2 0 1048576 24056023 24069779 22.720080 12.835679 315 6747112 2402178672880.00
rmat_s20_ef48_0.55_0.15_0.15_0.15_uni kCS random 32 2 1 1048576 24066811 24058991 22.817536 12.953661 317 6747113 2402173426423.00
rmat_s20_ef48_0.55_0.15_0.15_0.15_uni kCS random 32 2 2 1048576 24062508 24063294 23.901635 12.831955 315 6747092 2402176835499.00
rmat_s20_ef48_0.55_0.15_0.15_0.15_uni kCS random 4 2 0 1048576 24056023 24069779 22.867284 3.869783 58 1325444 536854983343.00
rmat_s20_ef48_0.55_0.15_0.15_0.15_uni kCS random 4 2 1 1048576 24066811 24058991 22.730573 3.950960 57 1325452 536857595768.00
rmat_s20_ef48_0.55_0.15_0.15_0.15_uni kCS random 4 2 2 1048576 24062508 24063294 23.622417 3.898996 58 1325443 536857954924.00
fbA kCS random 16 4 0 357059 10763443 32294068 17.022847 2.930097 574 62610 47847442517.00
fbA kCS random 16 4 1 357059 10771595 32285916 17.067999 2.949709 580 62607 47847430676.00
fbA kCS random 16 4 2 357059 10764721 32292790 17.128637 2.948143 577 62610 47847436079.00
fbA kCS random 32 4 0 357059 10763443 32294068 17.078162 4.150090 982 120240 79337815405.00
fbA kCS random 32 4 1 357059 10771595 32285916 17.368284 4.133851 958 120246 79337820105.00
fbA kCS random 32 4 2 357059 10764721 32292790 17.189664 4.021818 994 120252 79337813976.00
fbA kCS random 4 4 0 357059 10763443 32294068 18.213771 2.525164 177 16324 17915577116.00
fbA kCS random 4 4 1 357059 10771595 32285916 17.235608 2.558629 168 16316 17915554149.00
fbA kCS random 4 4 2 357059 10764721 32292790 17.637966 2.555897 175 16321 17915580105.00
fbC kCS random 16 4 0 990023 10159692 30495019 16.982733 5.820250 634 59379 369196110795.00
fbC kCS random 16 4 1 990023 10161134 30493577 16.852903 5.425675 621 59380 369195416020.00
fbC kCS random 16 4 2 990023 10164936 30489775 16.746097 6.138479 630 59380 369196062604.00
fbC kCS random 32 4 0 990023 10159692 30495019 16.923770 10.219057 1081 116163 414694531434.00
fbC kCS random 32 4 1 990023 10161134 30493577 16.852152 8.597884 1098 116161 414693888846.00
fbC kCS random 32 4 2 990023 10164936 30489775 16.990852 10.872442 1065 116161 414694904034.00
fbC kCS random 4 4 0 990023 10159692 30495019 17.064808 2.427819 156 16760 138331289724.00
fbC kCS random 4 4 1 990023 10161134 30493577 17.073359 2.360397 158 16761 138331247551.00
fbC kCS random 4 4 2 990023 10164936 30489775 16.899447 2.455592 156 16762 138331290691.00
rmat_s20_ef48_0.25_0.25_0.25_0.25_exp kCS random 16 4 0 1048576 12581650 37747706 22.424934 3.371261 172 8289694 717952339318.00
rmat_s20_ef48_0.25_0.25_0.25_0.25_exp kCS random 16 4 1 1048576 12580783 37748573 22.996074 3.303996 172 8289616 717951202140.00
rmat_s20_ef48_0.25_0.25_0.25_0.25_exp kCS random 16 4 2 1048576 12578575 37750781 22.409510 3.312017 173 8289608 717953470947.00
rmat_s20_ef48_0.25_0.25_0.25_0.25_exp kCS random 32 4 0 1048576 12581650 37747706 22.476579 5.158021 254 16545143 1095275806901.00
rmat_s20_ef48_0.25_0.25_0.25_0.25_exp kCS random 32 4 1 1048576 12580783 37748573 22.364909 5.165640 252 16544828 1095272436987.00
rmat_s20_ef48_0.25_0.25_0.25_0.25_exp kCS random 32 4 2 1048576 12578575 37750781 22.278799 5.124095 252 16544789 1095276261800.00
rmat_s20_ef48_0.25_0.25_0.25_0.25_exp kCS random 4 4 0 1048576 12581650 37747706 22.504167 1.651305 66 2074901 254876588544.00
rmat_s20_ef48_0.25_0.25_0.25_0.25_exp kCS random 4 4 1 1048576 12580783 37748573 23.410552 1.660878 65 2074903 254876558431.00
rmat_s20_ef48_0.25_0.25_0.25_0.25_exp kCS random 4 4 2 1048576 12578575 37750781 22.388729 1.653346 65 2074895 254876505045.00
rmat_s20_ef48_0.25_0.25_0.25_0.25_uni kCS random 16 4 0 1048576 12584425 37744821 22.657435 3.371055 168 8289803 3708185772652.00
rmat_s20_ef48_0.25_0.25_0.25_0.25_uni kCS random 16 4 1 1048576 12587691 37741555 22.957186 3.312812 169 8289761 3708157803811.00
rmat_s20_ef48_0.25_0.25_0.25_0.25_uni kCS random 16 4 2 1048576 12587006 37742240 22.574464 3.316758 168 8289766 3708162046923.00
rmat_s20_ef48_0.25_0.25_0.25_0.25_uni kCS random 32 4 0 1048576 12584425 37744821 23.043087 5.189600 252 16545360 6765924491298.00
rmat_s20_ef48_0.25_0.25_0.25_0.25_uni kCS random 32 4 1 1048576 12587691 37741555 22.618342 5.240381 255 16544871 6765869315740.00
rmat_s20_ef48_0.25_0.25_0.25_0.25_uni kCS random 32 4 2 1048576 12587006 37742240 22.589671 5.092313 252 16544881 6765921838632.00
rmat_s20_ef48_0.25_0.25_0.25_0.25_uni kCS random 4 4 0 1048576 12584425 37744821 22.657661 1.655224 69 2074731 985248043274.00
rmat_s20_ef48_0.25_0.25_0.25_0.25_uni kCS random 4 4 1 1048576 12587691 37741555 23.006402 1.646234 68 2074744 985250340296.00
rmat_s20_ef48_0.25_0.25_0.25_0.25_uni kCS random 4 4 2 1048576 12587006 37742240 22.582521 1.649439 69 2074729 985251187877.00
rmat_s20_ef48_0.45_0.15_0.15_0.25_exp kCS random 16 4 0 1048576 12534695 37600593 22.224499 3.777952 162 7497865 572598093143.00
rmat_s20_ef48_0.45_0.15_0.15_0.25_exp kCS random 16 4 1 1048576 12532591 37602697 21.778566 3.773001 162 7497859 572597574781.00
rmat_s20_ef48_0.45_0.15_0.15_0.25_exp kCS random 16 4 2 1048576 12538050 37597238 22.099247 3.717595 162 7497869 572596922466.00
rmat_s20_ef48_0.45_0.15_0.15_0.25_exp kCS random 32 4 0 1048576 12534695 37600593 21.690012 5.887124 262 13657152 839436589245.00
rmat_s20_ef48_0.45_0.15_0.15_0.25_exp kCS random 32 4 1 1048576 12532591 37602697 22.586175 5.864689 263 13657236 839436009807.00
rmat_s20_ef48_0.45_0.15_0.15_0.25_exp kCS random 32 4 2 1048576 12538050 37597238 21.911862 5.818367 263 13657241 839436814907.00
rmat_s20_ef48_0.45_0.15_0.15_0.25_exp kCS random 4 4 0 1048576 12534695 37600593 21.884770 1.883127 63 1983088 215865331351.00
rmat_s20_ef48_0.45_0.15_0.15_0.25_exp kCS random 4 4 1 1048576 12532591 37602697 22.076631 1.882036 62 1983090 215865228432.00
rmat_s20_ef48_0.45_0.15_0.15_0.25_exp kCS random 4 4 2 1048576 12538050 37597238 21.925873 1.866752 64 1983093 215865348151.00
rmat_s20_ef48_0.45_0.15_0.15_0.25_uni kCS random 16 4 0 1048576 12534444 37601195 22.014250 3.848151 164 7500249 3039072419552.00
rmat_s20_ef48_0.45_0.15_0.15_0.25_uni kCS random 16 4 1 1048576 12537200 37598439 22.122992 3.861462 165 7500097 3039059562419.00
rmat_s20_ef48_0.45_0.15_0.15_0.25_uni kCS random 16 4 2 1048576 12531868 37603771 22.776013 3.861714 165 7500096 3039064321603.00
rmat_s20_ef48_0.45_0.15_0.15_0.25_uni kCS random 32 4 0 1048576 12534444 37601195 22.161873 6.083803 271 13661239 5046498212181.00
rmat_s20_ef48_0.45_0.15_0.15_0.25_uni kCS random 32 4 1 1048576 12537200 37598439 22.185051 5.996365 272 13661070 5046494581880.00
rmat_s20_ef48_0.45_0.15_0.15_0.25_uni kCS random 32 4 2 1048576 12531868 37603771 22.137147 6.004889 275 13661194 5046498746792.00
rmat_s20_ef48_0.45_0.15_0.15_0.25_uni kCS random 4 4 0 1048576 12534444 37601195 22.362807 1.872628 62 1983336 891730428308.00
rmat_s20_ef48_0.45_0.15_0.15_0.25_uni kCS random 4 4 1 1048576 12537200 37598439 22.156435 1.879053 62 1983315 891724534377.00
rmat_s20_ef48_0.45_0.15_0.15_0.25_uni kCS random 4 4 2 1048576 12531868 37603771 22.212093 1.869133 63 1983306 891725587516.00
rmat_s20_ef48_0.55_0.15_0.15_0.15_exp kCS random 16 4 0 1048576 12030506 36090985 20.615962 3.893263 172 4086018 294533256708.00
rmat_s20_ef48_0.55_0.15_0.15_0.15_exp kCS random 16 4 1 1048576 12031109 36090382 20.654367 3.908706 172 4086005 294532984924.00
rmat_s20_ef48_0.55_0.15_0.15_0.15_exp kCS random 16 4 2 1048576 12032859 36088632 21.320517 3.917338 173 4086027 294533320334.00
rmat_s20_ef48_0.55_0.15_0.15_0.15_exp kCS random 32 4 0 1048576 12030506 36090985 20.768217 6.305638 318 6744780 428174911435.00
rmat_s20_ef48_0.55_0.15_0.15_0.15_exp kCS random 32 4 1 1048576 12031109 36090382 20.739463 6.245262 316 6744776 428175011066.00
rmat_s20_ef48_0.55_0.15_0.15_0.15_exp kCS random 32 4 2 1048576 12032859 36088632 20.807613 6.303360 316 6744782 428175056530.00
rmat_s20_ef48_0.55_0.15_0.15_0.15_exp kCS random 4 4 0 1048576 12030506 36090985 20.701460 1.984188 61 1324968 120664678742.00
rmat_s20_ef48_0.55_0.15_0.15_0.15_exp kCS random 4 4 1 1048576 12031109 36090382 21.610092 2.005974 60 1324970 120664628057.00
rmat_s20_ef48_0.55_0.15_0.15_0.15_exp kCS random 4 4 2 1048576 12032859 36088632 20.567298 1.986204 62 1324971 120664671309.00
rmat_s20_ef48_0.55_0.15_0.15_0.15_uni kCS random 16 4 0 1048576 12024242 36101560 20.949999 3.873674 172 4088384 1533137444269.00
rmat_s20_ef48_0.55_0.15_0.15_0.15_uni kCS random 16 4 1 1048576 12030291 36095511 21.212011 3.871928 170 4088369 1533129676616.00
rmat_s20_ef48_0.55_0.15_0.15_0.15_uni kCS random 16 4 2 1048576 12032890 36092912 20.789464 3.897637 170 4088375 1533130192718.00
rmat_s20_ef48_0.55_0.15_0.15_0.15_uni kCS random 32 4 0 1048576 12024242 36101560 20.980697 6.465152 317 6747112 2402178672880.00
rmat_s20_ef48_0.55_0.15_0.15_0.15_uni kCS random 32 4 1 1048576 12030291 36095511 20.896713 6.271039 319 6747113 2402173426423.00
rmat_s20_ef48_0.55_0.15_0.15_0.15_uni kCS random 32 4 2 1048576 12032890 36092912 20.690234 6.378421 318 6747092 2402176835499.00
rmat_s20_ef48_0.55_0.15_0.15_0.15_uni kCS random 4 4 0 1048576 12024242 36101560 21.099414 1.982546 61 1325444 536854983343.00
rmat_s20_ef48_0.55_0.15_0.15_0.15_uni kCS random 4 4 1 1048576 12030291 36095511 21.127167 1.997118 60 1325452 536857595768.00
rmat_s20_ef48_0.55_0.15_0.15_0.15_uni kCS random 4 4 2 1048576 12032890 36092912 20.778635 1.981628 60 1325443 536857954924.00
fbA kCS random 16 8 0 357059 5384110 37673401 17.280623 1.532662 576 62610 47847442517.00
fbA kCS random 16 8 1 357059 5383848 37673663 17.322640 1.585035 581 62607 47847430676.00
fbA kCS random 16 8 2 357059 5383808 37673703 16.611111 1.569211 578 62610 47847436079.00
fbA kCS random 32 8 0 357059 5384110 37673401 16.753017 2.410760 983 120240 79337815405.00
fbA kCS random 32 8 1 357059 5383848 37673663 16.620725 2.173522 960 120246 79337820105.00
fbA kCS random 32 8 2 357059 5383808 37673703 16.948274 2.186703 998 120252 79337813976.00
fbA kCS random 4 8 0 357059 5384110 37673401 16.795256 1.273486 178 16324 17915577116.00
fbA kCS random 4 8 1 357059 5383848 37673663 16.733710 1.325562 172 16316 17915554149.00
fbA kCS random 4 8 2 357059 5383808 37673703 16.568498 1.309351 176 16321 17915580105.00
fbC kCS random 16 8 0 990023 5077237 35577474 16.390000 2.723815 635 59379 369196110795.00
fbC kCS random 16 8 1 990023 5079579 35575132 16.583086 2.737127 625 59380 369195416020.00
fbC kCS random 16 8 2 990023 5081596 35573115 16.621618 3.044189 634 59380 369196062604.00
fbC kCS random 32 8 0 990023 5077237 35577474 16.546040 4.425086 1082 116163 414694531434.00
fbC kCS random 32 8 1 990023 5079579 35575132 16.490907 4.413666 1098 116161 414693888846.00
fbC kCS random 32 8 2 990023 5081596 35573115 16.526092 5.866146 1069 116161 414694904034.00
fbC kCS random 4 8 0 990023 5077237 35577474 16.530925 1.258664 158 16760 138331289724.00
fbC kCS random 4 8 1 990023 5079579 35575132 16.533484 1.244438 159 16761 138331247551.00
fbC kCS random 4 8 2 990023 5081596 35573115 16.481037 1.309716 158 16762 138331290691.00
rmat_s20_ef48_0.25_0.25_0.25_0.25_exp kCS random 16 8 0 1048576 6288723 44040633 21.240796 1.633869 172 8289694 717952339318.00
rmat_s20_ef48_0.25_0.25_0.25_0.25_exp kCS random 16 8 1 1048576 6290909 44038447 21.663116 1.643912 172 8289616 717951202140.00
rmat_s20_ef48_0.25_0.25_0.25_0.25_exp kCS random 16 8 2 1048576 6291387 44037969 21.068731 1.663022 173 8289608 717953470947.00
rmat_s20_ef48_0.25_0.25_0.25_0.25_exp kCS random 32 8 0 1048576 6288723 44040633 21.019125 2.602639 254 16545143 1095275806901.00
rmat_s20_ef48_0.25_0.25_0.25_0.25_exp kCS random 32 8 1 1048576 6290909 44038447 21.206288 2.456332 252 16544828 1095272436987.00
rmat_s20_ef48_0.25_0.25_0.25_0.25_exp kCS random 32 8 2 1048576 6291387 44037969 21.107884 2.450297 253 16544789 1095276261800.00
rmat_s20_ef48_0.25_0.25_0.25_0.25_exp kCS random 4 8 0 1048576 6288723 44040633 21.567614 0.884055 66 2074901 254876588544.00
rmat_s20_ef48_0.25_0.25_0.25_0.25_exp kCS random 4 8 1 1048576 6290909 44038447 21.498945 0.867976 67 2074903 254876558431.00
rmat_s20_ef48_0.25_0.25_0.25_0.25_exp kCS random 4 8 2 1048576 6291387 44037969 21.214527 0.870946 65 2074895 254876505045.00
rmat_s20_ef48_0.25_0.25_0.25_0.25_uni kCS random 16 8 0 1048576 6294547 44034699 22.381628 1.646944 169 8289803 3708185772652.00
rmat_s20_ef48_0.25_0.25_0.25_0.25_uni kCS random 16 8 1 1048576 6291636 44037610 21.370307 1.631731 170 8289761 3708157803811.00
rmat_s20_ef48_0.25_0.25_0.25_0.25_uni kCS random 16 8 2 1048576 6296385 44032861 21.327817 1.636993 169 8289766 3708162046923.00
rmat_s20_ef48_0.25_0.25_0.25_0.25_uni kCS random 32 8 0 1048576 6294547 44034699 21.317185 2.466458 252 16545360 6765924491298.00
rmat_s20_ef48_0.25_0.25_0.25_0.25_uni kCS random 32 8 1 1048576 6291636 44037610 21.718773 2.470451 255 16544871 6765869315740.00
rmat_s20_ef48_0.25_0.25_0.25_0.25_uni kCS random 32 8 2 1048576 6296385 44032861 21.403407 2.538842 252 16544881 6765921838632.00
rmat_s20_ef48_0.25_0.25_0.25_0.25_uni kCS random 4 8 0 1048576 6294547 44034699 21.734043 0.876823 69 2074731 985248043274.00
rmat_s20_ef48_0.25_0.25_0.25_0.25_uni kCS random 4 8 1 1048576 6291636 44037610 22.766315 0.879259 68 2074744 985250340296.00
rmat_s20_ef48_0.25_0.25_0.25_0.25_uni kCS random 4 8 2 1048576 6296385 44032861 21.602288 0.883918 69 2074729 985251187877.00
rmat_s20_ef48_0.45_0.15_0.15_0.25_exp kCS random 16 8 0 1048576 6265335 43869953 20.987393 1.824438 162 7497865 572598093143.00
rmat_s20_ef48_0.45_0.15_0.15_0.25_exp kCS random 16 8 1 1048576 6267107 43868181 20.967700 1.813684 162 7497859 572597574781.00
rmat_s20_ef48_0.45_0.15_0.15_0.25_exp kCS random 16 8 2 1048576 6269292 43865996 21.081876 1.830901 163 7497869 572596922466.00
rmat_s20_ef48_0.45_0.15_0.15_0.25_exp kCS random 32 8 0 1048576 6265335 43869953 21.383147 2.794434 263 13657152 839436589245.00
rmat_s20_ef48_0.45_0.15_0.15_0.25_exp kCS random 32 8 1 1048576 6267107 43868181 21.389362 2.811590 264 13657236 839436009807.00
rmat_s20_ef48_0.45_0.15_0.15_0.25_exp kCS random 32 8 2 1048576 6269292 43865996 21.151785 2.801962 264 13657241 839436814907.00
rmat_s20_ef48_0.45_0.15_0.15_0.25_exp kCS random 4 8 0 1048576 6265335 43869953 20.988619 0.981698 63 1983088 215865331351.00
rmat_s20_ef48_0.45_0.15_0.15_0.25_exp kCS random 4 8 1 1048576 6267107 43868181 21.156567 0.985257 64 1983090 215865228432.00
rmat_s20_ef48_0.45_0.15_0.15_0.25_exp kCS random 4 8 2 1048576 6269292 43865996 21.067370 0.987949 65 1983093 215865348151.00
rmat_s20_ef48_0.45_0.15_0.15_0.25_uni kCS random 16 8 0 1048576 6269204 43866435 21.350681 1.901481 164 7500249 3039072419552.00
rmat_s20_ef48_0.45_0.15_0.15_0.25_uni kCS random 16 8 1 1048576 6269423 43866216 21.352699 1.874065 166 7500097 3039059562419.00
rmat_s20_ef48_0.45_0.15_0.15_0.25_uni kCS random 16 8 2 1048576 6267020 43868619 21.333010 1.887042 165 7500096 3039064321603.00
rmat_s20_ef48_0.45_0.15_0.15_0.25_uni kCS random 32 8 0 1048576 6269204 43866435 21.122314 2.873942 271 13661239 5046498212181.00
rmat_s20_ef48_0.45_0.15_0.15_0.25_uni kCS random 32 8 1 1048576 6269423 43866216 21.243034 2.839427 273 13661070 5046494581880.00
rmat_s20_ef48_0.45_0.15_0.15_0.25_uni kCS random 32 8 2 1048576 6267020 43868619 21.539420 2.899366 275 13661194 5046498746792.00
rmat_s20_ef48_0.45_0.15_0.15_0.25_uni kCS random 4 8 0 1048576 6269204 43866435 21.493331 0.975397 63 1983336 891730428308.00
rmat_s20_ef48_0.45_0.15_0.15_0.25_uni kCS random 4 8 1 1048576 6269423 43866216 21.338662 0.980874 64 1983315 891724534377.00
rmat_s20_ef48_0.45_0.15_0.15_0.25_uni kCS random 4 8 2 1048576 6267020 43868619 21.096249 0.982405 64 1983306 891725587516.00
rmat_s20_ef48_0.55_0.15_0.15_0.15_exp kCS random 16 8 0 1048576 6015398 42106093 19.809329 1.800400 174 4086018 294533256708.00
rmat_s20_ef48_0.55_0.15_0.15_0.15_exp kCS random 16 8 1 1048576 6013437 42108054 20.527334 1.823392 174 4086005 294532984924.00
rmat_s20_ef48_0.55_0.15_0.15_0.15_exp kCS random 16 8 2 1048576 6018977 42102514 19.987972 1.815583 173 4086027 294533320334.00
rmat_s20_ef48_0.55_0.15_0.15_0.15_exp kCS random 32 8 0 1048576 6015398 42106093 19.848135 2.862794 318 6744780 428174911435.00
rmat_s20_ef48_0.55_0.15_0.15_0.15_exp kCS random 32 8 1 1048576 6013437 42108054 20.107770 2.901209 317 6744776 428175011066.00
rmat_s20_ef48_0.55_0.15_0.15_0.15_exp kCS random 32 8 2 1048576 6018977 42102514 20.099256 2.852944 317 6744782 428175056530.00
rmat_s20_ef48_0.55_0.15_0.15_0.15_exp kCS random 4 8 0 1048576 6015398 42106093 20.245475 1.016443 61 1324968 120664678742.00
rmat_s20_ef48_0.55_0.15_0.15_0.15_exp kCS random 4 8 1 1048576 6013437 42108054 20.044152 1.027892 61 1324970 120664628057.00
rmat_s20_ef48_0.55_0.15_0.15_0.15_exp kCS random 4 8 2 1048576 6018977 42102514 19.961502 1.030301 62 1324971 120664671309.00
rmat_s20_ef48_0.55_0.15_0.15_0.15_uni kCS random 16 8 0 1048576 6013220 42112582 20.004874 1.810953 173 4088384 1533137444269.00
rmat_s20_ef48_0.55_0.15_0.15_0.15_uni kCS random 16 8 1 1048576 6015477 42110325 20.750281 1.822821 172 4088369 1533129676616.00
rmat_s20_ef48_0.55_0.15_0.15_0.15_uni kCS random 16 8 2 1048576 6018915 42106887 20.413644 1.800959 173 4088375 1533130192718.00
rmat_s20_ef48_0.55_0.15_0.15_0.15_uni kCS random 32 8 0 1048576 6013220 42112582 21.214066 2.881583 319 6747112 2402178672880.00
rmat_s20_ef48_0.55_0.15_0.15_0.15_uni kCS random 32 8 1 1048576 6015477 42110325 19.821997 2.806278 320 6747113 2402173426423.00
rmat_s20_ef48_0.55_0.15_0.15_0.15_uni kCS random 32 8 2 1048576 6018915 42106887 20.383715 2.821133 319 6747092 2402176835499.00
rmat_s20_ef48_0.55_0.15_0.15_0.15_uni kCS random 4 8 0 1048576 6013220 42112582 20.451224 1.026174 62 1325444 536854983343.00
rmat_s20_ef48_0.55_0.15_0.15_0.15_uni kCS random 4 8 1 1048576 6015477 42110325 20.270824 1.025098 60 1325452 536857595768.00
rmat_s20_ef48_0.55_0.15_0.15_0.15_uni kCS random 4 8 2 1048576 6018915 42106887 20.349841 1.028830 62 1325443 536857954924.00
fbA kCS random 16 16 0 357059 2693549 40363962 16.682491 0.875683 577 62610 47847442517.00
fbA kCS random 16 16 1 357059 2693409 40364102 17.104567 0.887524 582 62607 47847430676.00
fbA kCS random 16 16 2 357059 2693762 40363749 16.767932 0.922806 578 62610 47847436079.00
fbA kCS random 32 16 0 357059 2693549 40363962 16.967020 1.647478 984 120240 79337815405.00
fbA kCS random 32 16 1 357059 2693409 40364102 16.710884 1.421463 960 120246 79337820105.00
fbA kCS random 32 16 2 357059 2693762 40363749 16.944588 1.445782 998 120252 79337813976.00
fbA kCS random 4 16 0 357059 2693549 40363962 17.165598 0.671897 180 16324 17915577116.00
fbA kCS random 4 16 1 357059 2693409 40364102 16.902497 0.695764 172 16316 17915554149.00
fbA kCS random 4 16 2 357059 2693762 40363749 16.647622 0.693691 176 16321 17915580105.00
fbC kCS random 16 16 0 990023 2536958 38117753 16.410233 2.031798 639 59379 369196110795.00
fbC kCS random 16 16 1 990023 2538977 38115734 16.886825 2.152844 626 59380 369195416020.00
fbC kCS random 16 16 2 990023 2540435 38114276 17.237136 2.084907 634 59380 369196062604.00
fbC kCS random 32 16 0 990023 2536958 38117753 17.291073 3.073436 1084 116163 414694531434.00
fbC kCS random 32 16 1 990023 2538977 38115734 16.519639 3.393731 1100 116161 414693888846.00
fbC kCS random 32 16 2 990023 2540435 38114276 16.791944 3.605276 1069 116161 414694904034.00
fbC kCS random 4 16 0 990023 2536958 38117753 16.611737 0.838358 158 16760 138331289724.00
fbC kCS random 4 16 1 990023 2538977 38115734 16.885149 0.832015 162 16761 138331247551.00
fbC kCS random 4 16 2 990023 2540435 38114276 16.465646 0.883441 158 16762 138331290691.00
rmat_s20_ef48_0.25_0.25_0.25_0.25_exp kCS random 16 16 0 1048576 3143652 47185704 20.917095 0.975984 172 8289694 717952339318.00
rmat_s20_ef48_0.25_0.25_0.25_0.25_exp kCS random 16 16 1 1048576 3145279 47184077 20.862781 0.975688 173 8289616 717951202140.00
rmat_s20_ef48_0.25_0.25_0.25_0.25_exp kCS random 16 16 2 1048576 3145222 47184134 21.379899 0.992953 173 8289608 717953470947.00
rmat_s20_ef48_0.25_0.25_0.25_0.25_exp kCS random 32 16 0 1048576 3143652 47185704 20.964853 1.344803 254 16545143 1095275806901.00
rmat_s20_ef48_0.25_0.25_0.25_0.25_exp kCS random 32 16 1 1048576 3145279 47184077 21.000658 1.344814 252 16544828 1095272436987.00
rmat_s20_ef48_0.25_0.25_0.25_0.25_exp kCS random 32 16 2 1048576 3145222 47184134 21.503935 1.358457 253 16544789 1095276261800.00
rmat_s20_ef48_0.25_0.25_0.25_0.25_exp kCS random 4 16 0 1048576 3143652 47185704 21.615878 0.549947 66 2074901 254876588544.00
rmat_s20_ef48_0.25_0.25_0.25_0.25_exp kCS random 4 16 1 1048576 3145279 47184077 20.997573 0.540785 67 2074903 254876558431.00
rmat_s20_ef48_0.25_0.25_0.25_0.25_exp kCS random 4 16 2 1048576 3145222 47184134 21.147021 0.544868 66 2074895 254876505045.00
rmat_s20_ef48_0.25_0.25_0.25_0.25_uni kCS random 16 16 0 1048576 3148428 47180818 21.556179 1.011422 169 8289803 3708185772652.00
rmat_s20_ef48_0.25_0.25_0.25_0.25_uni kCS random 16 16 1 1048576 3147824 47181422 21.066449 0.971552 172 8289761 3708157803811.00
rmat_s20_ef48_0.25_0.25_0.25_0.25_uni kCS random 16 16 2 1048576 3148008 47181238 21.396488 1.015175 170 8289766 3708162046923.00
rmat_s20_ef48_0.25_0.25_0.25_0.25_uni kCS random 32 16 0 1048576 3148428 47180818 21.384327 1.353661 253 16545360 6765924491298.00
rmat_s20_ef48_0.25_0.25_0.25_0.25_uni kCS random 32 16 1 1048576 3147824 47181422 21.146711 1.357004 255 16544871 6765869315740.00
rmat_s20_ef48_0.25_0.25_0.25_0.25_uni kCS random 32 16 2 1048576 3148008 47181238 21.038044 1.337745 252 16544881 6765921838632.00
rmat_s20_ef48_0.25_0.25_0.25_0.25_uni kCS random 4 16 0 1048576 3148428 47180818 21.520459 0.549458 69 2074731 985248043274.00
rmat_s20_ef48_0.25_0.25_0.25_0.25_uni kCS random 4 16 1 1048576 3147824 47181422 21.865410 0.546385 69 2074744 985250340296.00
rmat_s20_ef48_0.25_0.25_0.25_0.25_uni kCS random 4 16 2 1048576 3148008 47181238 21.048628 0.544306 69 2074729 985251187877.00
rmat_s20_ef48_0.45_0.15_0.15_0.25_exp kCS random 16 16 0 1048576 3135146 47000142 20.564382 0.957422 163 7497865 572598093143.00
rmat_s20_ef48_0.45_0.15_0.15_0.25_exp kCS random 16 16 1 1048576 3133799 47001489 20.772000 0.959590 162 7497859 572597574781.00
rmat_s20_ef48_0.45_0.15_0.15_0.25_exp kCS random 16 16 2 1048576 3132518 47002770 21.196123 0.963937 163 7497869 572596922466.00
rmat_s20_ef48_0.45_0.15_0.15_0.25_exp kCS random 32 16 0 1048576 3135146 47000142 20.854672 1.379965 264 13657152 839436589245.00
rmat_s20_ef48_0.45_0.15_0.15_0.25_exp kCS random 32 16 1 1048576 3133799 47001489 20.580138 1.350184 264 13657236 839436009807.00
rmat_s20_ef48_0.45_0.15_0.15_0.25_exp kCS random 32 16 2 1048576 3132518 47002770 20.777165 1.362317 264 13657241 839436814907.00
rmat_s20_ef48_0.45_0.15_0.15_0.25_exp kCS random 4 16 0 1048576 3135146 47000142 20.993988 0.554773 65 1983088 215865331351.00
rmat_s20_ef48_0.45_0.15_0.15_0.25_exp kCS random 4 16 1 1048576 3133799 47001489 20.765630 0.558529 64 1983090 215865228432.00
rmat_s20_ef48_0.45_0.15_0.15_0.25_exp kCS random 4 16 2 1048576 3132518 47002770 20.885549 0.554009 65 1983093 215865348151.00
rmat_s20_ef48_0.45_0.15_0.15_0.25_uni kCS random 16 16 0 1048576 3136056 46999583 20.887696 0.971197 166 7500249 3039072419552.00
rmat_s20_ef48_0.45_0.15_0.15_0.25_uni kCS random 16 16 1 1048576 3134095 47001544 21.228212 0.958108 167 7500097 3039059562419.00
rmat_s20_ef48_0.45_0.15_0.15_0.25_uni kCS random 16 16 2 1048576 3133167 47002472 21.049182 0.973029 167 7500096 3039064321603.00
rmat_s20_ef48_0.45_0.15_0.15_0.25_uni kCS random 32 16 0 1048576 3136056 46999583 20.847971 1.396873 273 13661239 5046498212181.00
rmat_s20_ef48_0.45_0.15_0.15_0.25_uni kCS random 32 16 1 1048576 3134095 47001544 21.102831 1.394319 274 13661070 5046494581880.00
rmat_s20_ef48_0.45_0.15_0.15_0.25_uni kCS random 32 16 2 1048576 3133167 47002472 21.097899 1.368283 275 13661194 5046498746792.00
rmat_s20_ef48_0.45_0.15_0.15_0.25_uni kCS random 4 16 0 1048576 3136056 46999583 20.994499 0.547672 64 1983336 891730428308.00
rmat_s20_ef48_0.45_0.15_0.15_0.25_uni kCS random 4 16 1 1048576 3134095 47001544 21.261491 0.550557 64 1983315 891724534377.00
rmat_s20_ef48_0.45_0.15_0.15_0.25_uni kCS random 4 16 2 1048576 3133167 47002472 20.802250 0.555668 64 1983306 891725587516.00
rmat_s20_ef48_0.55_0.15_0.15_0.15_exp kCS random 16 16 0 1048576 3006573 45114918 19.691165 0.928117 174 4086018 294533256708.00
rmat_s20_ef48_0.55_0.15_0.15_0.15_exp kCS random 16 16 1 1048576 3006509 45114982 19.702607 0.944620 174 4086005 294532984924.00
rmat_s20_ef48_0.55_0.15_0.15_0.15_exp kCS random 16 16 2 1048576 3011174 45110317 20.251376 0.954086 173 4086027 294533320334.00
rmat_s20_ef48_0.55_0.15_0.15_0.15_exp kCS random 32 16 0 1048576 3006573 45114918 19.944917 1.370999 318 6744780 428174911435.00
rmat_s20_ef48_0.55_0.15_0.15_0.15_exp kCS random 32 16 1 1048576 3006509 45114982 19.885223 1.372067 318 6744776 428175011066.00
rmat_s20_ef48_0.55_0.15_0.15_0.15_exp kCS random 32 16 2 1048576 3011174 45110317 19.591757 1.367693 318 6744782 428175056530.00
rmat_s20_ef48_0.55_0.15_0.15_0.15_exp kCS random 4 16 0 1048576 3006573 45114918 19.601676 0.550630 62 1324968 120664678742.00
rmat_s20_ef48_0.55_0.15_0.15_0.15_exp kCS random 4 16 1 1048576 3006509 45114982 19.755245 0.547890 61 1324970 120664628057.00
rmat_s20_ef48_0.55_0.15_0.15_0.15_exp kCS random 4 16 2 1048576 3011174 45110317 19.836078 0.549430 62 1324971 120664671309.00
rmat_s20_ef48_0.55_0.15_0.15_0.15_uni kCS random 16 16 0 1048576 3007028 45118774 20.667506 0.934268 174 4088384 1533137444269.00
rmat_s20_ef48_0.55_0.15_0.15_0.15_uni kCS random 16 16 1 1048576 3009199 45116603 20.630068 0.959344 174 4088369 1533129676616.00
rmat_s20_ef48_0.55_0.15_0.15_0.15_uni kCS random 16 16 2 1048576 3008634 45117168 19.843632 0.938906 173 4088375 1533130192718.00
rmat_s20_ef48_0.55_0.15_0.15_0.15_uni kCS random 32 16 0 1048576 3007028 45118774 19.927107 1.390791 319 6747112 2402178672880.00
rmat_s20_ef48_0.55_0.15_0.15_0.15_uni kCS random 32 16 1 1048576 3009199 45116603 20.223196 1.388469 320 6747113 2402173426423.00
rmat_s20_ef48_0.55_0.15_0.15_0.15_uni kCS random 32 16 2 1048576 3008634 45117168 19.812719 1.406633 319 6747092 2402176835499.00
rmat_s20_ef48_0.55_0.15_0.15_0.15_uni kCS random 4 16 0 1048576 3007028 45118774 19.935315 0.556071 62 1325444 536854983343.00
rmat_s20_ef48_0.55_0.15_0.15_0.15_uni kCS random 4 16 1 1048576 3009199 45116603 19.910303 0.536789 61 1325452 536857595768.00
rmat_s20_ef48_0.55_0.15_0.15_0.15_uni kCS random 4 16 2 1048576 3008634 45117168 20.802870 0.548289 62 1325443 536857954924.00
fbA kCS random 16 32 0 357059 1347533 41709978 16.692513 0.633480 579 62610 47847442517.00
fbA kCS random 16 32 1 357059 1346507 41711004 17.217091 0.647970 582 62607 47847430676.00
fbA kCS random 16 32 2 357059 1346563 41710948 16.425650 0.682031 578 62610 47847436079.00
fbA kCS random 32 32 0 357059 1347533 41709978 16.383755 1.247072 985 120240 79337815405.00
fbA kCS random 32 32 1 357059 1346507 41711004 16.731129 1.194485 960 120246 79337820105.00
fbA kCS random 32 32 2 357059 1346563 41710948 16.491238 1.202867 998 120252 79337813976.00
fbA kCS random 4 32 0 357059 1347533 41709978 16.758563 0.418268 180 16324 17915577116.00
fbA kCS random 4 32 1 357059 1346507 41711004 16.540044 0.453218 174 16316 17915554149.00
fbA kCS random 4 32 2 357059 1346563 41710948 17.099515 0.467569 176 16321 17915580105.00
fbC kCS random 16 32 0 990023 1269367 39385344 17.339102 1.862170 640 59379 369196110795.00
fbC kCS random 16 32 1 990023 1271924 39382787 16.221650 2.095135 626 59380 369195416020.00
fbC kCS random 16 32 2 990023 1270715 39383996 16.680405 1.868211 634 59380 369196062604.00
fbC kCS random 32 32 0 990023 1269367 39385344 16.746793 2.910896 1084 116163 414694531434.00
fbC kCS random 32 32 1 990023 1271924 39382787 16.113601 2.893308 1100 116161 414693888846.00
fbC kCS random 32 32 2 990023 1270715 39383996 16.923794 2.866800 1070 116161 414694904034.00
fbC kCS random 4 32 0 990023 1269367 39385344 16.212140 0.630031 161 16760 138331289724.00
fbC kCS random 4 32 1 990023 1271924 39382787 16.370794 0.683053 162 16761 138331247551.00
fbC kCS random 4 32 2 990023 1270715 39383996 16.087796 0.640105 160 16762 138331290691.00
rmat_s20_ef48_0.25_0.25_0.25_0.25_exp kCS random 16 32 0 1048576 1571499 48757857 20.297876 0.739215 173 8289694 717952339318.00
rmat_s20_ef48_0.25_0.25_0.25_0.25_exp kCS random 16 32 1 1048576 1573531 48755825 21.106368 0.719746 173 8289616 717951202140.00
rmat_s20_ef48_0.25_0.25_0.25_0.25_exp kCS random 16 32 2 1048576 1572405 48756951 20.964290 0.723591 173 8289608 717953470947.00
rmat_s20_ef48_0.25_0.25_0.25_0.25_exp kCS random 32 32 0 1048576 1571499 48757857 20.488869 0.842582 254 16545143 1095275806901.00
rmat_s20_ef48_0.25_0.25_0.25_0.25_exp kCS random 32 32 1 1048576 1573531 48755825 20.617855 0.818898 252 16544828 1095272436987.00
rmat_s20_ef48_0.25_0.25_0.25_0.25_exp kCS random 32 32 2 1048576 1572405 48756951 20.327726 0.814917 253 16544789 1095276261800.00
rmat_s20_ef48_0.25_0.25_0.25_0.25_exp kCS random 4 32 0 1048576 1571499 48757857 20.855038 0.358147 67 2074901 254876588544.00
rmat_s20_ef48_0.25_0.25_0.25_0.25_exp kCS random 4 32 1 1048576 1573531 48755825 20.424777 0.355595 67 2074903 254876558431.00
rmat_s20_ef48_0.25_0.25_0.25_0.25_exp kCS random 4 32 2 1048576 1572405 48756951 20.383353 0.357320 67 2074895 254876505045.00
rmat_s20_ef48_0.25_0.25_0.25_0.25_uni kCS random 16 32 0 1048576 1573659 48755587 20.916468 0.748171 169 8289803 3708185772652.00
rmat_s20_ef48_0.25_0.25_0.25_0.25_uni kCS random 16 32 1 1048576 1574004 48755242 20.942158 0.728731 172 8289761 3708157803811.00
rmat_s20_ef48_0.25_0.25_0.25_0.25_uni kCS random 16 32 2 1048576 1572904 48756342 20.591419 0.743059 170 8289766 3708162046923.00
rmat_s20_ef48_0.25_0.25_0.25_0.25_uni kCS random 32 32 0 1048576 1573659 48755587 20.784165 0.816460 253 16545360 6765924491298.00
rmat_s20_ef48_0.25_0.25_0.25_0.25_uni kCS random 32 32 1 1048576 1574004 48755242 20.504495 0.803231 255 16544871 6765869315740.00
rmat_s20_ef48_0.25_0.25_0.25_0.25_uni kCS random 32 32 2 1048576 1572904 48756342 20.817359 0.807586 252 16544881 6765921838632.00
rmat_s20_ef48_0.25_0.25_0.25_0.25_uni kCS random 4 32 0 1048576 1573659 48755587 20.954628 0.354170 69 2074731 985248043274.00
rmat_s20_ef48_0.25_0.25_0.25_0.25_uni kCS random 4 32 1 1048576 1574004 48755242 20.795474 0.354509 69 2074744 985250340296.00
rmat_s20_ef48_0.25_0.25_0.25_0.25_uni kCS random 4 32 2 1048576 1572904 48756342 20.666347 0.351552 69 2074729 985251187877.00
rmat_s20_ef48_0.45_0.15_0.15_0.25_exp kCS random 16 32 0 1048576 1567697 48567591 20.117207 0.636677 163 7497865 572598093143.00
rmat_s20_ef48_0.45_0.15_0.15_0.25_exp kCS random 16 32 1 1048576 1567098 48568190 20.614276 0.641267 163 7497859 572597574781.00
rmat_s20_ef48_0.45_0.15_0.15_0.25_exp kCS random 16 32 2 1048576 1566451 48568837 20.504201 0.634129 163 7497869 572596922466.00
rmat_s20_ef48_0.45_0.15_0.15_0.25_exp kCS random 32 32 0 1048576 1567697 48567591 20.459808 0.778309 264 13657152 839436589245.00
rmat_s20_ef48_0.45_0.15_0.15_0.25_exp kCS random 32 32 1 1048576 1567098 48568190 20.700701 0.763874 264 13657236 839436009807.00
rmat_s20_ef48_0.45_0.15_0.15_0.25_exp kCS random 32 32 2 1048576 1566451 48568837 21.108512 0.782127 265 13657241 839436814907.00
rmat_s20_ef48_0.45_0.15_0.15_0.25_exp kCS random 4 32 0 1048576 1567697 48567591 20.229854 0.335819 65 1983088 215865331351.00
rmat_s20_ef48_0.45_0.15_0.15_0.25_exp kCS random 4 32 1 1048576 1567098 48568190 20.206759 0.332770 65 1983090 215865228432.00
rmat_s20_ef48_0.45_0.15_0.15_0.25_exp kCS random 4 32 2 1048576 1566451 48568837 20.551668 0.333681 65 1983093 215865348151.00
rmat_s20_ef48_0.45_0.15_0.15_0.25_uni kCS random 16 32 0 1048576 1568076 48567563 20.968968 0.651661 166 7500249 3039072419552.00
rmat_s20_ef48_0.45_0.15_0.15_0.25_uni kCS random 16 32 1 1048576 1566686 48568953 20.606925 0.634007 167 7500097 3039059562419.00
rmat_s20_ef48_0.45_0.15_0.15_0.25_uni kCS random 16 32 2 1048576 1566532 48569107 20.637211 0.646817 167 7500096 3039064321603.00
rmat_s20_ef48_0.45_0.15_0.15_0.25_uni kCS random 32 32 0 1048576 1568076 48567563 20.926323 0.791993 274 13661239 5046498212181.00
rmat_s20_ef48_0.45_0.15_0.15_0.25_uni kCS random 32 32 1 1048576 1566686 48568953 21.242256 0.777334 274 13661070 5046494581880.00
rmat_s20_ef48_0.45_0.15_0.15_0.25_uni kCS random 32 32 2 1048576 1566532 48569107 20.337118 0.794172 275 13661194 5046498746792.00
rmat_s20_ef48_0.45_0.15_0.15_0.25_uni kCS random 4 32 0 1048576 1568076 48567563 20.584228 0.332805 64 1983336 891730428308.00
rmat_s20_ef48_0.45_0.15_0.15_0.25_uni kCS random 4 32 1 1048576 1566686 48568953 20.622164 0.328222 64 1983315 891724534377.00
rmat_s20_ef48_0.45_0.15_0.15_0.25_uni kCS random 4 32 2 1048576 1566532 48569107 20.442249 0.343771 64 1983306 891725587516.00
rmat_s20_ef48_0.55_0.15_0.15_0.15_exp kCS random 16 32 0 1048576 1502893 46618598 19.201170 0.579211 174 4086018 294533256708.00
rmat_s20_ef48_0.55_0.15_0.15_0.15_exp kCS random 16 32 1 1048576 1503099 46618392 19.918821 0.581718 174 4086005 294532984924.00
rmat_s20_ef48_0.55_0.15_0.15_0.15_exp kCS random 16 32 2 1048576 1504839 46616652 19.318365 0.582459 175 4086027 294533320334.00
rmat_s20_ef48_0.55_0.15_0.15_0.15_exp kCS random 32 32 0 1048576 1502893 46618598 20.543985 0.778177 319 6744780 428174911435.00
rmat_s20_ef48_0.55_0.15_0.15_0.15_exp kCS random 32 32 1 1048576 1503099 46618392 19.570429 0.786282 319 6744776 428175011066.00
rmat_s20_ef48_0.55_0.15_0.15_0.15_exp kCS random 32 32 2 1048576 1504839 46616652 19.362867 0.784618 319 6744782 428175056530.00
rmat_s20_ef48_0.55_0.15_0.15_0.15_exp kCS random 4 32 0 1048576 1502893 46618598 19.161587 0.330206 62 1324968 120664678742.00
rmat_s20_ef48_0.55_0.15_0.15_0.15_exp kCS random 4 32 1 1048576 1503099 46618392 19.631469 0.337331 61 1324970 120664628057.00
rmat_s20_ef48_0.55_0.15_0.15_0.15_exp kCS random 4 32 2 1048576 1504839 46616652 19.505064 0.328388 62 1324971 120664671309.00
rmat_s20_ef48_0.55_0.15_0.15_0.15_uni kCS random 16 32 0 1048576 1503024 46622778 20.311691 0.596924 174 4088384 1533137444269.00
rmat_s20_ef48_0.55_0.15_0.15_0.15_uni kCS random 16 32 1 1048576 1505506 46620296 19.545351 0.572992 174 4088369 1533129676616.00
rmat_s20_ef48_0.55_0.15_0.15_0.15_uni kCS random 16 32 2 1048576 1503146 46622656 19.788208 0.574024 173 4088375 1533130192718.00
rmat_s20_ef48_0.55_0.15_0.15_0.15_uni kCS random 32 32 0 1048576 1503024 46622778 20.388700 0.794957 320 6747112 2402178672880.00
rmat_s20_ef48_0.55_0.15_0.15_0.15_uni kCS random 32 32 1 1048576 1505506 46620296 19.628189 0.817580 320 6747113 2402173426423.00
rmat_s20_ef48_0.55_0.15_0.15_0.15_uni kCS random 32 32 2 1048576 1503146 46622656 19.560190 0.784727 319 6747092 2402176835499.00
rmat_s20_ef48_0.55_0.15_0.15_0.15_uni kCS random 4 32 0 1048576 1503024 46622778 20.185653 0.329370 63 1325444 536854983343.00
rmat_s20_ef48_0.55_0.15_0.15_0.15_uni kCS random 4 32 1 1048576 1505506 46620296 19.437882 0.338089 62 1325452 536857595768.00
rmat_s20_ef48_0.55_0.15_0.15_0.15_uni kCS random 4 32 2 1048576 1503146 46622656 20.219441 0.344371 62 1325443 536857954924.00
fbA kCS random 16 64 0 357059 674509 42383002 17.222964 0.476121 579 62610 47847442517.00
fbA kCS random 16 64 1 357059 672958 42384553 16.845234 0.465701 583 62607 47847430676.00
fbA kCS random 16 64 2 357059 673754 42383757 16.978195 0.495021 579 62610 47847436079.00
fbA kCS random 32 64 0 357059 674509 42383002 16.722730 0.943593 985 120240 79337815405.00
fbA kCS random 32 64 1 357059 672958 42384553 16.996032 0.890996 960 120246 79337820105.00
fbA kCS random 32 64 2 357059 673754 42383757 17.193923 0.888583 998 120252 79337813976.00
fbA kCS random 4 64 0 357059 674509 42383002 16.642835 0.294501 180 16324 17915577116.00
fbA kCS random 4 64 1 357059 672958 42384553 17.297833 0.336344 174 16316 17915554149.00
fbA kCS random 4 64 2 357059 673754 42383757 17.695460 0.356589 176 16321 17915580105.00
fbC kCS random 16 64 0 990023 634986 40019725 16.533870 2.067888 640 59379 369196110795.00
fbC kCS random 16 64 1 990023 636691 40018020 17.141782 2.160661 627 59380 369195416020.00
fbC kCS random 16 64 2 990023 635401 40019310 16.068359 2.110028 634 59380 369196062604.00
fbC kCS random 32 64 0 990023 634986 40019725 16.826396 2.906747 1084 116163 414694531434.00
fbC kCS random 32 64 1 990023 636691 40018020 16.528705 2.842119 1100 116161 414693888846.00
fbC kCS random 32 64 2 990023 635401 40019310 16.224745 2.712210 1070 116161 414694904034.00
fbC kCS random 4 64 0 990023 634986 40019725 16.430697 0.551164 161 16760 138331289724.00
fbC kCS random 4 64 1 990023 636691 40018020 16.442073 0.568283 163 16761 138331247551.00
fbC kCS random 4 64 2 990023 635401 40019310 16.265042 0.572508 160 16762 138331290691.00
rmat_s20_ef48_0.25_0.25_0.25_0.25_exp kCS random 16 64 0 1048576 785972 49543384 20.306485 0.997644 173 8289694 717952339318.00
rmat_s20_ef48_0.25_0.25_0.25_0.25_exp kCS random 16 64 1 1048576 787006 49542350 20.427583 0.963281 173 8289616 717951202140.00
rmat_s20_ef48_0.25_0.25_0.25_0.25_exp kCS random 16 64 2 1048576 786038 49543318 20.886541 0.974579 173 8289608 717953470947.00
rmat_s20_ef48_0.25_0.25_0.25_0.25_exp kCS random 32 64 0 1048576 785972 49543384 20.242754 1.185418 254 16545143 1095275806901.00
rmat_s20_ef48_0.25_0.25_0.25_0.25_exp kCS random 32 64 1 1048576 787006 49542350 20.624273 1.203395 252 16544828 1095272436987.00
rmat_s20_ef48_0.25_0.25_0.25_0.25_exp kCS random 32 64 2 1048576 786038 49543318 20.498582 1.203212 253 16544789 1095276261800.00
rmat_s20_ef48_0.25_0.25_0.25_0.25_exp kCS random 4 64 0 1048576 785972 49543384 21.488613 0.317447 67 2074901 254876588544.00
rmat_s20_ef48_0.25_0.25_0.25_0.25_exp kCS random 4 64 1 1048576 787006 49542350 21.484236 0.321742 67 2074903 254876558431.00
rmat_s20_ef48_0.25_0.25_0.25_0.25_exp kCS random 4 64 2 1048576 786038 49543318 20.881607 0.327549 67 2074895 254876505045.00
rmat_s20_ef48_0.25_0.25_0.25_0.25_uni kCS random 16 64 0 1048576 786329 49542917 22.899860 0.978614 169 8289803 3708185772652.00
rmat_s20_ef48_0.25_0.25_0.25_0.25_uni kCS random 16 64 1 1048576 787902 49541344 20.457319 0.976841 172 8289761 3708157803811.00
rmat_s20_ef48_0.25_0.25_0.25_0.25_uni kCS random 16 64 2 1048576 785855 49543391 20.830410 0.958849 171 8289766 3708162046923.00
rmat_s20_ef48_0.25_0.25_0.25_0.25_uni kCS random 32 64 0 1048576 786329 49542917 20.750743 1.199756 253 16545360 6765924491298.00
rmat_s20_ef48_0.25_0.25_0.25_0.25_uni kCS random 32 64 1 1048576 787902 49541344 20.940738 1.200438 255 16544871 6765869315740.00
rmat_s20_ef48_0.25_0.25_0.25_0.25_uni kCS random 32 64 2 1048576 785855 49543391 20.721060 1.156485 252 16544881 6765921838632.00
rmat_s20_ef48_0.25_0.25_0.25_0.25_uni kCS random 4 64 0 1048576 786329 49542917 21.419213 0.320403 69 2074731 985248043274.00
rmat_s20_ef48_0.25_0.25_0.25_0.25_uni kCS random 4 64 1 1048576 787902 49541344 31.075867 0.321846 69 2074744 985250340296.00
rmat_s20_ef48_0.25_0.25_0.25_0.25_uni kCS random 4 64 2 1048576 785855 49543391 42.977667 0.323448 69 2074729 985251187877.00
rmat_s20_ef48_0.45_0.15_0.15_0.25_exp kCS random 16 64 0 1048576 785104 49350184 20.583291 1.229739 164 7497865 572598093143.00
rmat_s20_ef48_0.45_0.15_0.15_0.25_exp kCS random 16 64 1 1048576 784029 49351259 21.349853 1.224456 163 7497859 572597574781.00
rmat_s20_ef48_0.45_0.15_0.15_0.25_exp kCS random 16 64 2 1048576 782200 49353088 20.455716 1.255439 163 7497869 572596922466.00
rmat_s20_ef48_0.45_0.15_0.15_0.25_exp kCS random 32 64 0 1048576 785104 49350184 20.616093 1.310401 264 13657152 839436589245.00
rmat_s20_ef48_0.45_0.15_0.15_0.25_exp kCS random 32 64 1 1048576 784029 49351259 20.239060 1.351662 264 13657236 839436009807.00
rmat_s20_ef48_0.45_0.15_0.15_0.25_exp kCS random 32 64 2 1048576 782200 49353088 20.494833 1.284690 265 13657241 839436814907.00
rmat_s20_ef48_0.45_0.15_0.15_0.25_exp kCS random 4 64 0 1048576 785104 49350184 21.087353 0.315024 65 1983088 215865331351.00
rmat_s20_ef48_0.45_0.15_0.15_0.25_exp kCS random 4 64 1 1048576 784029 49351259 20.867842 0.319091 65 1983090 215865228432.00
rmat_s20_ef48_0.45_0.15_0.15_0.25_exp kCS random 4 64 2 1048576 782200 49353088 20.259986 0.315531 65 1983093 215865348151.00
rmat_s20_ef48_0.45_0.15_0.15_0.25_uni kCS random 16 64 0 1048576 784128 49351511 20.492109 1.232074 166 7500249 3039072419552.00
rmat_s20_ef48_0.45_0.15_0.15_0.25_uni kCS random 16 64 1 1048576 783380 49352259 20.426276 1.247835 167 7500097 3039059562419.00
rmat_s20_ef48_0.45_0.15_0.15_0.25_uni kCS random 16 64 2 1048576 782185 49353454 20.733710 1.266719 167 7500096 3039064321603.00
rmat_s20_ef48_0.45_0.15_0.15_0.25_uni kCS random 32 64 0 1048576 784128 49351511 20.923008 1.320273 274 13661239 5046498212181.00
rmat_s20_ef48_0.45_0.15_0.15_0.25_uni kCS random 32 64 1 1048576 783380 49352259 21.917414 1.299632 275 13661070 5046494581880.00
rmat_s20_ef48_0.45_0.15_0.15_0.25_uni kCS random 32 64 2 1048576 782185 49353454 20.707370 1.318383 275 13661194 5046498746792.00
rmat_s20_ef48_0.45_0.15_0.15_0.25_uni kCS random 4 64 0 1048576 784128 49351511 20.431072 0.315862 64 1983336 891730428308.00
rmat_s20_ef48_0.45_0.15_0.15_0.25_uni kCS random 4 64 1 1048576 783380 49352259 21.047729 0.326801 64 1983315 891724534377.00
rmat_s20_ef48_0.45_0.15_0.15_0.25_uni kCS random 4 64 2 1048576 782185 49353454 20.867056 0.316276 64 1983306 891725587516.00
rmat_s20_ef48_0.55_0.15_0.15_0.15_exp kCS random 16 64 0 1048576 752109 47369382 31.335433 1.095975 175 4086018 294533256708.00
rmat_s20_ef48_0.55_0.15_0.15_0.15_exp kCS random 16 64 1 1048576 751279 47370212 19.169850 1.079941 174 4086005 294532984924.00
rmat_s20_ef48_0.55_0.15_0.15_0.15_exp kCS random 16 64 2 1048576 752202 47369289 20.156948 1.111653 175 4086027 294533320334.00
rmat_s20_ef48_0.55_0.15_0.15_0.15_exp kCS random 32 64 0 1048576 752109 47369382 19.388057 1.224511 320 6744780 428174911435.00
rmat_s20_ef48_0.55_0.15_0.15_0.15_exp kCS random 32 64 1 1048576 751279 47370212 27.192619 1.205422 320 6744776 428175011066.00
rmat_s20_ef48_0.55_0.15_0.15_0.15_exp kCS random 32 64 2 1048576 752202 47369289 21.259581 1.219203 320 6744782 428175056530.00
rmat_s20_ef48_0.55_0.15_0.15_0.15_exp kCS random 4 64 0 1048576 752109 47369382 19.337136 0.538134 62 1324968 120664678742.00
rmat_s20_ef48_0.55_0.15_0.15_0.15_exp kCS random 4 64 1 1048576 751279 47370212 19.515064 0.546300 62 1324970 120664628057.00
rmat_s20_ef48_0.55_0.15_0.15_0.15_exp kCS random 4 64 2 1048576 752202 47369289 19.605996 0.533417 62 1324971 120664671309.00
rmat_s20_ef48_0.55_0.15_0.15_0.15_uni kCS random 16 64 0 1048576 751789 47374013 19.461248 1.121937 174 4088384 1533137444269.00
rmat_s20_ef48_0.55_0.15_0.15_0.15_uni kCS random 16 64 1 1048576 753536 47372266 20.313041 1.089672 174 4088369 1533129676616.00
rmat_s20_ef48_0.55_0.15_0.15_0.15_uni kCS random 16 64 2 1048576 751236 47374566 19.449176 1.076033 173 4088375 1533130192718.00
rmat_s20_ef48_0.55_0.15_0.15_0.15_uni kCS random 32 64 0 1048576 751789 47374013 19.589039 1.218634 320 6747112 2402178672880.00
rmat_s20_ef48_0.55_0.15_0.15_0.15_uni kCS random 32 64 1 1048576 753536 47372266 19.688054 1.226629 320 6747113 2402173426423.00
rmat_s20_ef48_0.55_0.15_0.15_0.15_uni kCS random 32 64 2 1048576 751236 47374566 20.195249 1.216914 320 6747092 2402176835499.00
rmat_s20_ef48_0.55_0.15_0.15_0.15_uni kCS random 4 64 0 1048576 751789 47374013 19.845630 0.556110 63 1325444 536854983343.00
rmat_s20_ef48_0.55_0.15_0.15_0.15_uni kCS random 4 64 1 1048576 753536 47372266 19.781295 0.523128 62 1325452 536857595768.00
rmat_s20_ef48_0.55_0.15_0.15_0.15_uni kCS random 4 64 2 1048576 751236 47374566 20.659801 0.547872 62 1325443 536857954924.00
fbA kCS random 8 1 0 357059 43057511 0 18.295481 8.197807 315 32298 29135367040.00
fbA kCS random 8 1 1 357059 43057511 0 18.540250 8.147868 303 32305 29135359363.00
fbC kCS random 8 1 0 990023 40654711 0 18.272661 10.884232 307 31001 239913210946.00
fbC kCS random 8 1 1 990023 40654711 0 18.373985 10.833492 293 30999 239913208117.00
rmat_s20_ef48_0.25_0.25_0.25_0.25_exp kCS random 8 1 0 1048576 50329356 0 29.387766 7.362468 103 4148176 438656359195.00
rmat_s20_ef48_0.25_0.25_0.25_0.25_exp kCS random 8 1 1 1048576 50329356 0 28.943569 7.331388 104 4148173 438656969067.00
rmat_s20_ef48_0.25_0.25_0.25_0.25_uni kCS random 8 1 0 1048576 50329246 0 29.162039 7.366288 105 4148291 1932889605303.00
rmat_s20_ef48_0.25_0.25_0.25_0.25_uni kCS random 8 1 1 1048576 50329246 0 29.381627 7.362626 105 4148315 1932889975893.00
rmat_s20_ef48_0.45_0.15_0.15_0.25_exp kCS random 8 1 0 1048576 50135288 0 27.404251 8.397748 102 3903505 362538726581.00
rmat_s20_ef48_0.45_0.15_0.15_0.25_exp kCS random 8 1 1 1048576 50135288 0 27.393112 8.345108 102 3903502 362538487536.00
rmat_s20_ef48_0.45_0.15_0.15_0.25_uni kCS random 8 1 0 1048576 50135639 0 28.488070 8.375657 98 3904212 1689093604396.00
rmat_s20_ef48_0.45_0.15_0.15_0.25_uni kCS random 8 1 1 1048576 50135639 0 28.047811 8.390578 98 3904188 1689092347497.00
rmat_s20_ef48_0.55_0.15_0.15_0.15_exp kCS random 8 1 0 1048576 48121491 0 24.967201 8.544651 93 2384060 193423407917.00
rmat_s20_ef48_0.55_0.15_0.15_0.15_exp kCS random 8 1 1 1048576 48121491 0 24.863711 8.492735 93 2384061 193423387715.00
rmat_s20_ef48_0.55_0.15_0.15_0.15_uni kCS random 8 1 0 1048576 48125802 0 25.210029 8.533425 93 2384724 931767256300.00
rmat_s20_ef48_0.55_0.15_0.15_0.15_uni kCS random 8 1 1 1048576 48125802 0 33.584606 8.468721 93 2384788 931772678205.00
fbA kCS random 8 1 2 357059 43057511 0 18.696690 8.199361 315 32293 29135358011.00
fbC kCS random 8 1 2 990023 40654711 0 18.601337 10.956673 302 31000 239913214155.00
rmat_s20_ef48_0.25_0.25_0.25_0.25_exp kCS random 8 1 2 1048576 50329356 0 29.445775 7.358200 103 4148162 438656721325.00
rmat_s20_ef48_0.25_0.25_0.25_0.25_uni kCS random 8 1 2 1048576 50329246 0 29.300704 7.345125 105 4148301 1932891248795.00
rmat_s20_ef48_0.45_0.15_0.15_0.25_exp kCS random 8 1 2 1048576 50135288 0 27.300744 8.385969 102 3903504 362538651240.00
rmat_s20_ef48_0.45_0.15_0.15_0.25_uni kCS random 8 1 2 1048576 50135639 0 27.755317 8.348347 98 3904159 1689086479759.00
rmat_s20_ef48_0.55_0.15_0.15_0.15_exp kCS random 8 1 2 1048576 48121491 0 24.750206 8.478052 93 2384058 193423310667.00
rmat_s20_ef48_0.55_0.15_0.15_0.15_uni kCS random 8 1 2 1048576 48125802 0 24.781518 8.483275 93 2384764 931775934348.00
fbA kCS random 8 2 0 357059 21518468 21539043 17.965566 5.671430 325 32298 29135367040.00
fbA kCS random 8 2 1 357059 21533735 21523776 18.036163 5.686979 314 32305 29135359363.00
fbC kCS random 8 2 0 990023 20325086 20329625 17.758394 7.239656 323 31001 239913210946.00
fbC kCS random 8 2 1 990023 20321877 20332834 18.361650 7.327197 304 30999 239913208117.00
rmat_s20_ef48_0.25_0.25_0.25_0.25_exp kCS random 8 2 0 1048576 25158138 25171218 26.551147 4.544996 110 4148176 438656359195.00
rmat_s20_ef48_0.25_0.25_0.25_0.25_exp kCS random 8 2 1 1048576 25161224 25168132 25.371377 4.533952 108 4148173 438656969067.00
rmat_s20_ef48_0.25_0.25_0.25_0.25_uni kCS random 8 2 0 1048576 25165098 25164148 25.541662 4.501390 107 4148291 1932889605303.00
rmat_s20_ef48_0.25_0.25_0.25_0.25_uni kCS random 8 2 1 1048576 25166624 25162622 25.407755 4.535578 106 4148315 1932889975893.00
rmat_s20_ef48_0.45_0.15_0.15_0.25_exp kCS random 8 2 0 1048576 25070612 25064676 24.347260 5.181917 103 3903505 362538726581.00
rmat_s20_ef48_0.45_0.15_0.15_0.25_exp kCS random 8 2 1 1048576 25068784 25066504 24.443237 5.145312 102 3903502 362538487536.00
rmat_s20_ef48_0.45_0.15_0.15_0.25_uni kCS random 8 2 0 1048576 25063135 25072504 24.363674 5.212894 99 3904212 1689093604396.00
rmat_s20_ef48_0.45_0.15_0.15_0.25_uni kCS random 8 2 1 1048576 25067561 25068078 24.541624 5.200073 98 3904188 1689092347497.00
rmat_s20_ef48_0.55_0.15_0.15_0.15_exp kCS random 8 2 0 1048576 24063168 24058323 22.297179 5.269272 96 2384060 193423407917.00
rmat_s20_ef48_0.55_0.15_0.15_0.15_exp kCS random 8 2 1 1048576 24067675 24053816 22.749698 5.225845 96 2384061 193423387715.00
rmat_s20_ef48_0.55_0.15_0.15_0.15_uni kCS random 8 2 0 1048576 24056023 24069779 47.351762 5.275327 96 2384724 931767256300.00
rmat_s20_ef48_0.55_0.15_0.15_0.15_uni kCS random 8 2 1 1048576 24066811 24058991 31.503071 5.277915 97 2384788 931772678205.00
fbA kCS random 8 2 2 357059 21530347 21527164 18.348663 5.683696 326 32293 29135358011.00
fbC kCS random 8 2 2 990023 20330339 20324372 17.842668 7.239412 316 31000 239913214155.00
rmat_s20_ef48_0.25_0.25_0.25_0.25_exp kCS random 8 2 2 1048576 25159967 25169389 25.385407 4.500034 108 4148162 438656721325.00
rmat_s20_ef48_0.25_0.25_0.25_0.25_uni kCS random 8 2 2 1048576 25166258 25162988 25.725421 4.484851 105 4148301 1932891248795.00
rmat_s20_ef48_0.45_0.15_0.15_0.25_exp kCS random 8 2 2 1048576 25068389 25066899 24.182739 5.158491 104 3903504 362538651240.00
rmat_s20_ef48_0.45_0.15_0.15_0.25_uni kCS random 8 2 2 1048576 25063046 25072593 24.484240 5.195219 99 3904159 1689086479759.00
rmat_s20_ef48_0.55_0.15_0.15_0.15_exp kCS random 8 2 2 1048576 24060305 24061186 22.602481 5.238364 96 2384058 193423310667.00
rmat_s20_ef48_0.55_0.15_0.15_0.15_uni kCS random 8 2 2 1048576 24062508 24063294 22.848573 5.245897 98 2384764 931775934348.00
fbA kCS random 8 4 0 357059 10763443 32294068 17.320266 2.664918 328 32298 29135367040.00
fbA kCS random 8 4 1 357059 10771595 32285916 17.385066 2.684068 324 32305 29135359363.00
fbC kCS random 8 4 0 990023 10159692 30495019 17.069351 3.443833 332 31001 239913210946.00
fbC kCS random 8 4 1 990023 10161134 30493577 16.790079 3.260626 311 30999 239913208117.00
rmat_s20_ef48_0.25_0.25_0.25_0.25_exp kCS random 8 4 0 1048576 12581650 37747706 22.472971 2.237572 110 4148176 438656359195.00
rmat_s20_ef48_0.25_0.25_0.25_0.25_exp kCS random 8 4 1 1048576 12580783 37748573 22.504232 2.258342 112 4148173 438656969067.00
rmat_s20_ef48_0.25_0.25_0.25_0.25_uni kCS random 8 4 0 1048576 12584425 37744821 22.802275 2.262395 107 4148291 1932889605303.00
rmat_s20_ef48_0.25_0.25_0.25_0.25_uni kCS random 8 4 1 1048576 12587691 37741555 22.802124 2.268166 107 4148315 1932889975893.00
rmat_s20_ef48_0.45_0.15_0.15_0.25_exp kCS random 8 4 0 1048576 12534695 37600593 22.305506 2.579870 105 3903505 362538726581.00
rmat_s20_ef48_0.45_0.15_0.15_0.25_exp kCS random 8 4 1 1048576 12532591 37602697 22.152259 2.572787 104 3903502 362538487536.00
rmat_s20_ef48_0.45_0.15_0.15_0.25_uni kCS random 8 4 0 1048576 12534444 37601195 22.667343 2.564120 101 3904212 1689093604396.00
rmat_s20_ef48_0.45_0.15_0.15_0.25_uni kCS random 8 4 1 1048576 12537200 37598439 22.566867 2.643491 101 3904188 1689092347497.00
rmat_s20_ef48_0.55_0.15_0.15_0.15_exp kCS random 8 4 0 1048576 12030506 36090985 20.878824 2.641624 97 2384060 193423407917.00
rmat_s20_ef48_0.55_0.15_0.15_0.15_exp kCS random 8 4 1 1048576 12031109 36090382 20.849582 2.646627 99 2384061 193423387715.00
rmat_s20_ef48_0.55_0.15_0.15_0.15_uni kCS random 8 4 0 1048576 12024242 36101560 22.359802 2.629085 100 2384724 931767256300.00
rmat_s20_ef48_0.55_0.15_0.15_0.15_uni kCS random 8 4 1 1048576 12030291 36095511 21.534948 2.625374 98 2384788 931772678205.00
fbA kCS random 8 4 2 357059 10764721 32292790 17.165369 2.675917 328 32293 29135358011.00
fbC kCS random 8 4 2 990023 10164936 30489775 17.063916 3.502354 325 31000 239913214155.00
rmat_s20_ef48_0.25_0.25_0.25_0.25_exp kCS random 8 4 2 1048576 12578575 37750781 22.840559 2.244132 109 4148162 438656721325.00
rmat_s20_ef48_0.25_0.25_0.25_0.25_uni kCS random 8 4 2 1048576 12587006 37742240 22.828066 2.250036 107 4148301 1932891248795.00
rmat_s20_ef48_0.45_0.15_0.15_0.25_exp kCS random 8 4 2 1048576 12538050 37597238 22.199389 2.580150 104 3903504 362538651240.00
rmat_s20_ef48_0.45_0.15_0.15_0.25_uni kCS random 8 4 2 1048576 12531868 37603771 22.389845 2.598649 100 3904159 1689086479759.00
rmat_s20_ef48_0.55_0.15_0.15_0.15_exp kCS random 8 4 2 1048576 12032859 36088632 20.586165 2.636727 98 2384058 193423310667.00
rmat_s20_ef48_0.55_0.15_0.15_0.15_uni kCS random 8 4 2 1048576 12032890 36092912 21.072480 2.673383 99 2384764 931775934348.00
fbA kCS random 8 8 0 357059 5384110 37673401 16.682935 1.358987 332 32298 29135367040.00
fbA kCS random 8 8 1 357059 5383848 37673663 16.858412 1.411530 326 32305 29135359363.00
fbC kCS random 8 8 0 990023 5077237 35577474 16.476430 1.761768 333 31001 239913210946.00
fbC kCS random 8 8 1 990023 5079579 35575132 16.492151 1.678060 314 30999 239913208117.00
rmat_s20_ef48_0.25_0.25_0.25_0.25_exp kCS random 8 8 0 1048576 6288723 44040633 21.373532 1.173004 111 4148176 438656359195.00
rmat_s20_ef48_0.25_0.25_0.25_0.25_exp kCS random 8 8 1 1048576 6290909 44038447 21.169299 1.158019 113 4148173 438656969067.00
rmat_s20_ef48_0.25_0.25_0.25_0.25_uni kCS random 8 8 0 1048576 6294547 44034699 21.625697 1.156293 108 4148291 1932889605303.00
rmat_s20_ef48_0.25_0.25_0.25_0.25_uni kCS random 8 8 1 1048576 6291636 44037610 21.565618 1.168817 108 4148315 1932889975893.00
rmat_s20_ef48_0.45_0.15_0.15_0.25_exp kCS random 8 8 0 1048576 6265335 43869953 22.188482 1.293508 105 3903505 362538726581.00
rmat_s20_ef48_0.45_0.15_0.15_0.25_exp kCS random 8 8 1 1048576 6267107 43868181 21.603506 1.298974 105 3903502 362538487536.00
rmat_s20_ef48_0.45_0.15_0.15_0.25_uni kCS random 8 8 0 1048576 6269204 43866435 21.235004 1.310499 104 3904212 1689093604396.00
rmat_s20_ef48_0.45_0.15_0.15_0.25_uni kCS random 8 8 1 1048576 6269423 43866216 22.072524 1.297190 103 3904188 1689092347497.00
rmat_s20_ef48_0.55_0.15_0.15_0.15_exp kCS random 8 8 0 1048576 6015398 42106093 19.827730 1.327328 99 2384060 193423407917.00
rmat_s20_ef48_0.55_0.15_0.15_0.15_exp kCS random 8 8 1 1048576 6013437 42108054 19.742365 1.298859 99 2384061 193423387715.00
rmat_s20_ef48_0.55_0.15_0.15_0.15_uni kCS random 8 8 0 1048576 6013220 42112582 20.122333 1.294170 100 2384724 931767256300.00
rmat_s20_ef48_0.55_0.15_0.15_0.15_uni kCS random 8 8 1 1048576 6015477 42110325 19.794084 1.314469 100 2384788 931772678205.00
fbA kCS random 8 8 2 357059 5383808 37673703 16.786473 1.403838 330 32293 29135358011.00
fbC kCS random 8 8 2 990023 5081596 35573115 16.611734 1.769759 331 31000 239913214155.00
rmat_s20_ef48_0.25_0.25_0.25_0.25_exp kCS random 8 8 2 1048576 6291387 44037969 21.517265 1.162104 112 4148162 438656721325.00
rmat_s20_ef48_0.25_0.25_0.25_0.25_uni kCS random 8 8 2 1048576 6296385 44032861 21.653035 1.162934 107 4148301 1932891248795.00
rmat_s20_ef48_0.45_0.15_0.15_0.25_exp kCS random 8 8 2 1048576 6269292 43865996 20.934048 1.304100 105 3903504 362538651240.00
rmat_s20_ef48_0.45_0.15_0.15_0.25_uni kCS random 8 8 2 1048576 6267020 43868619 22.457252 1.303027 104 3904159 1689086479759.00
rmat_s20_ef48_0.55_0.15_0.15_0.15_exp kCS random 8 8 2 1048576 6018977 42102514 20.229783 1.321383 100 2384058 193423310667.00
rmat_s20_ef48_0.55_0.15_0.15_0.15_uni kCS random 8 8 2 1048576 6018915 42106887 20.177809 1.296740 99 2384764 931775934348.00
fbA kCS random 8 16 0 357059 2693549 40363962 27.714160 0.742990 333 32298 29135367040.00
fbA kCS random 8 16 1 357059 2693409 40364102 32.118866 0.750345 329 32305 29135359363.00
fbC kCS random 8 16 0 990023 2536958 38117753 16.330808 1.171750 335 31001 239913210946.00
fbC kCS random 8 16 1 990023 2538977 38115734 16.368067 1.171864 316 30999 239913208117.00
rmat_s20_ef48_0.25_0.25_0.25_0.25_exp kCS random 8 16 0 1048576 3143652 47185704 21.463581 0.761728 111 4148176 438656359195.00
rmat_s20_ef48_0.25_0.25_0.25_0.25_exp kCS random 8 16 1 1048576 3145279 47184077 21.147629 0.752767 113 4148173 438656969067.00
rmat_s20_ef48_0.25_0.25_0.25_0.25_uni kCS random 8 16 0 1048576 3148428 47180818 20.909537 0.754095 108 4148291 1932889605303.00
rmat_s20_ef48_0.25_0.25_0.25_0.25_uni kCS random 8 16 1 1048576 3147824 47181422 25.073725 0.750216 108 4148315 1932889975893.00
rmat_s20_ef48_0.45_0.15_0.15_0.25_exp kCS random 8 16 0 1048576 3135146 47000142 20.470258 0.761485 105 3903505 362538726581.00
rmat_s20_ef48_0.45_0.15_0.15_0.25_exp kCS random 8 16 1 1048576 3133799 47001489 20.382826 0.754331 105 3903502 362538487536.00
rmat_s20_ef48_0.45_0.15_0.15_0.25_uni kCS random 8 16 0 1048576 3136056 46999583 21.249543 0.757868 104 3904212 1689093604396.00
rmat_s20_ef48_0.45_0.15_0.15_0.25_uni kCS random 8 16 1 1048576 3134095 47001544 20.840372 0.759350 103 3904188 1689092347497.00
rmat_s20_ef48_0.55_0.15_0.15_0.15_exp kCS random 8 16 0 1048576 3006573 45114918 34.849537 0.737280 101 2384060 193423407917.00
rmat_s20_ef48_0.55_0.15_0.15_0.15_exp kCS random 8 16 1 1048576 3006509 45114982 42.614994 0.713610 100 2384061 193423387715.00
rmat_s20_ef48_0.55_0.15_0.15_0.15_uni kCS random 8 16 0 1048576 3007028 45118774 20.348523 0.721841 100 2384724 931767256300.00
rmat_s20_ef48_0.55_0.15_0.15_0.15_uni kCS random 8 16 1 1048576 3009199 45116603 19.967066 0.713152 100 2384788 931772678205.00
fbA kCS random 8 16 2 357059 2693762 40363749 17.283927 0.773273 332 32293 29135358011.00
fbC kCS random 8 16 2 990023 2540435 38114276 16.263293 1.184250 332 31000 239913214155.00
rmat_s20_ef48_0.25_0.25_0.25_0.25_exp kCS random 8 16 2 1048576 3145222 47184134 20.676035 0.744235 112 4148162 438656721325.00
rmat_s20_ef48_0.25_0.25_0.25_0.25_uni kCS random 8 16 2 1048576 3148008 47181238 20.905112 0.756822 107 4148301 1932891248795.00
rmat_s20_ef48_0.45_0.15_0.15_0.25_exp kCS random 8 16 2 1048576 3132518 47002770 20.685442 0.764997 105 3903504 362538651240.00
rmat_s20_ef48_0.45_0.15_0.15_0.25_uni kCS random 8 16 2 1048576 3133167 47002472 21.297597 0.746586 104 3904159 1689086479759.00
rmat_s20_ef48_0.55_0.15_0.15_0.15_exp kCS random 8 16 2 1048576 3011174 45110317 19.700406 0.711259 100 2384058 193423310667.00
rmat_s20_ef48_0.55_0.15_0.15_0.15_uni kCS random 8 16 2 1048576 3008634 45117168 20.375580 0.718263 99 2384764 931775934348.00
fbA kCS random 8 32 0 357059 1347533 41709978 16.860691 0.478521 334 32298 29135367040.00
fbA kCS random 8 32 1 357059 1346507 41711004 16.436421 0.490053 330 32305 29135359363.00
fbC kCS random 8 32 0 990023 1269367 39385344 16.347458 0.889668 336 31001 239913210946.00
fbC kCS random 8 32 1 990023 1271924 39382787 16.691620 0.994176 317 30999 239913208117.00
rmat_s20_ef48_0.25_0.25_0.25_0.25_exp kCS random 8 32 0 1048576 1571499 48757857 20.385863 0.629310 111 4148176 438656359195.00
rmat_s20_ef48_0.25_0.25_0.25_0.25_exp kCS random 8 32 1 1048576 1573531 48755825 21.154950 0.627172 113 4148173 438656969067.00
rmat_s20_ef48_0.25_0.25_0.25_0.25_uni kCS random 8 32 0 1048576 1573659 48755587 20.740221 0.602864 108 4148291 1932889605303.00
rmat_s20_ef48_0.25_0.25_0.25_0.25_uni kCS random 8 32 1 1048576 1574004 48755242 20.711827 0.611760 108 4148315 1932889975893.00
rmat_s20_ef48_0.45_0.15_0.15_0.25_exp kCS random 8 32 0 1048576 1567697 48567591 20.213240 0.555563 105 3903505 362538726581.00
rmat_s20_ef48_0.45_0.15_0.15_0.25_exp kCS random 8 32 1 1048576 1567098 48568190 20.491839 0.552878 105 3903502 362538487536.00
rmat_s20_ef48_0.45_0.15_0.15_0.25_uni kCS random 8 32 0 1048576 1568076 48567563 20.345508 0.561701 104 3904212 1689093604396.00
rmat_s20_ef48_0.45_0.15_0.15_0.25_uni kCS random 8 32 1 1048576 1566686 48568953 20.348963 0.565856 104 3904188 1689092347497.00
rmat_s20_ef48_0.55_0.15_0.15_0.15_exp kCS random 8 32 0 1048576 1502893 46618598 19.160595 0.492231 101 2384060 193423407917.00
rmat_s20_ef48_0.55_0.15_0.15_0.15_exp kCS random 8 32 1 1048576 1503099 46618392 19.826854 0.495078 101 2384061 193423387715.00
rmat_s20_ef48_0.55_0.15_0.15_0.15_uni kCS random 8 32 0 1048576 1503024 46622778 19.336065 0.501159 100 2384724 931767256300.00
rmat_s20_ef48_0.55_0.15_0.15_0.15_uni kCS random 8 32 1 1048576 1505506 46620296 19.488195 0.505012 100 2384788 931772678205.00
fbA kCS random 8 32 2 357059 1346563 41710948 17.064294 0.525382 333 32293 29135358011.00
fbC kCS random 8 32 2 990023 1270715 39383996 16.223095 0.919910 332 31000 239913214155.00
rmat_s20_ef48_0.25_0.25_0.25_0.25_exp kCS random 8 32 2 1048576 1572405 48756951 20.486370 0.637005 112 4148162 438656721325.00
rmat_s20_ef48_0.25_0.25_0.25_0.25_uni kCS random 8 32 2 1048576 1572904 48756342 20.741206 0.611303 107 4148301 1932891248795.00
rmat_s20_ef48_0.45_0.15_0.15_0.25_exp kCS random 8 32 2 1048576 1566451 48568837 20.947231 0.571368 105 3903504 362538651240.00
rmat_s20_ef48_0.45_0.15_0.15_0.25_uni kCS random 8 32 2 1048576 1566532 48569107 20.886909 0.586630 104 3904159 1689086479759.00
rmat_s20_ef48_0.55_0.15_0.15_0.15_exp kCS random 8 32 2 1048576 1504839 46616652 19.867133 0.516405 100 2384058 193423310667.00
rmat_s20_ef48_0.55_0.15_0.15_0.15_uni kCS random 8 32 2 1048576 1503146 46622656 19.704113 0.517121 99 2384764 931775934348.00
fbA kCS random 8 64 0 357059 674509 42383002 16.810396 0.367036 334 32298 29135367040.00
fbA kCS random 8 64 1 357059 672958 42384553 16.791001 0.378910 330 32305 29135359363.00
fbC kCS random 8 64 0 990023 634986 40019725 16.124930 0.861857 337 31001 239913210946.00
fbC kCS random 8 64 1 990023 636691 40018020 16.653399 0.925048 317 30999 239913208117.00
rmat_s20_ef48_0.25_0.25_0.25_0.25_exp kCS random 8 64 0 1048576 785972 49543384 20.299952 0.679016 111 4148176 438656359195.00
rmat_s20_ef48_0.25_0.25_0.25_0.25_exp kCS random 8 64 1 1048576 787006 49542350 20.540827 0.697528 113 4148173 438656969067.00
rmat_s20_ef48_0.25_0.25_0.25_0.25_uni kCS random 8 64 0 1048576 786329 49542917 21.003111 0.683450 108 4148291 1932889605303.00
rmat_s20_ef48_0.25_0.25_0.25_0.25_uni kCS random 8 64 1 1048576 787902 49541344 20.789014 0.681956 108 4148315 1932889975893.00
rmat_s20_ef48_0.45_0.15_0.15_0.25_exp kCS random 8 64 0 1048576 785104 49350184 20.380178 1.013946 105 3903505 362538726581.00
rmat_s20_ef48_0.45_0.15_0.15_0.25_exp kCS random 8 64 1 1048576 784029 49351259 20.591852 1.005900 105 3903502 362538487536.00
rmat_s20_ef48_0.45_0.15_0.15_0.25_uni kCS random 8 64 0 1048576 784128 49351511 20.936325 1.002225 104 3904212 1689093604396.00
rmat_s20_ef48_0.45_0.15_0.15_0.25_uni kCS random 8 64 1 1048576 783380 49352259 20.663190 1.008002 104 3904188 1689092347497.00
rmat_s20_ef48_0.55_0.15_0.15_0.15_exp kCS random 8 64 0 1048576 752109 47369382 19.589660 0.995890 101 2384060 193423407917.00
rmat_s20_ef48_0.55_0.15_0.15_0.15_exp kCS random 8 64 1 1048576 751279 47370212 19.122608 0.994624 101 2384061 193423387715.00
rmat_s20_ef48_0.55_0.15_0.15_0.15_uni kCS random 8 64 0 1048576 751789 47374013 20.153333 1.012380 100 2384724 931767256300.00
rmat_s20_ef48_0.55_0.15_0.15_0.15_uni kCS random 8 64 1 1048576 753536 47372266 22.008508 1.021515 100 2384788 931772678205.00
fbA kCS random 8 64 2 357059 673754 42383757 16.575061 0.361059 333 32293 29135358011.00
fbC kCS random 8 64 2 990023 635401 40019310 16.717877 0.880067 332 31000 239913214155.00
rmat_s20_ef48_0.25_0.25_0.25_0.25_exp kCS random 8 64 2 1048576 786038 49543318 20.746986 0.655166 112 4148162 438656721325.00
rmat_s20_ef48_0.25_0.25_0.25_0.25_uni kCS random 8 64 2 1048576 785855 49543391 20.790029 0.652087 107 4148301 1932891248795.00
rmat_s20_ef48_0.45_0.15_0.15_0.25_exp kCS random 8 64 2 1048576 782200 49353088 20.717588 0.938201 105 3903504 362538651240.00
rmat_s20_ef48_0.45_0.15_0.15_0.25_uni kCS random 8 64 2 1048576 782185 49353454 21.154492 0.961089 104 3904159 1689086479759.00
rmat_s20_ef48_0.55_0.15_0.15_0.15_exp kCS random 8 64 2 1048576 752202 47369289 19.944071 0.961755 100 2384058 193423310667.00
rmat_s20_ef48_0.55_0.15_0.15_0.15_uni kCS random 8 64 2 1048576 751236 47374566 20.154587 0.958510 100 2384764 931775934348.00
fbB kCS random 16 1 0 4965001 85407404 0 41.125432 52.231474 1211 180180 41852144307.00
fbB kCS random 16 1 1 4965001 85407404 0 40.998488 52.249829 1196 180200 41853745902.00
fbB kCS random 16 1 2 4965001 85407404 0 40.828717 51.635897 1153 180183 41850900552.00
fbB kCS random 32 1 0 4965001 85407404 0 40.905925 120.120746 4482 354376 71894095240.00
fbB kCS random 32 1 1 4965001 85407404 0 41.116171 122.091867 4424 354425 71896653478.00
fbB kCS random 32 1 2 4965001 85407404 0 40.914784 120.112756 4395 354431 71896812449.00
fbB kCS random 4 1 0 4965001 85407404 0 40.958939 22.090822 198 47083 14891609398.00
fbB kCS random 4 1 1 4965001 85407404 0 40.874536 22.260436 197 47091 14891968601.00
fbB kCS random 4 1 2 4965001 85407404 0 40.902536 22.252896 197 47075 14891347511.00
fbB kCS random 8 1 0 4965001 85407404 0 41.117011 32.479275 443 91999 24582057895.00
fbB kCS random 8 1 1 4965001 85407404 0 40.916470 32.745442 433 91995 24583409086.00
fbB kCS random 8 1 2 4965001 85407404 0 41.069894 32.483537 422 91982 24581296012.00
fbB kCS random 16 2 0 4965001 42709540 42697864 41.478324 39.048003 1235 180180 41852144307.00
fbB kCS random 16 2 1 4965001 42714223 42693181 41.729065 37.963188 1217 180200 41853745902.00
fbB kCS random 16 2 2 4965001 42703907 42703497 38.965096 37.862222 1175 180183 41850900552.00
fbB kCS random 32 2 0 4965001 42709540 42697864 38.856874 83.958140 4504 354376 71894095240.00
fbB kCS random 32 2 1 4965001 42714223 42693181 39.101442 83.821253 4446 354425 71896653478.00
fbB kCS random 32 2 2 4965001 42703907 42703497 40.824390 83.495632 4419 354431 71896812449.00
fbB kCS random 4 2 0 4965001 42709540 42697864 39.408459 16.576272 211 47083 14891609398.00
fbB kCS random 4 2 1 4965001 42714223 42693181 41.132458 16.788496 217 47091 14891968601.00
fbB kCS random 4 2 2 4965001 42703907 42703497 41.064930 16.497769 217 47075 14891347511.00
fbB kCS random 8 2 0 4965001 42709540 42697864 39.371200 24.014192 464 91999 24582057895.00
fbB kCS random 8 2 1 4965001 42714223 42693181 40.176548 24.117263 446 91995 24583409086.00
fbB kCS random 8 2 2 4965001 42703907 42703497 38.819353 23.584675 438 91982 24581296012.00
fbB kCS random 16 4 0 4965001 21353585 64053819 36.498653 21.757443 1243 180180 41852144307.00
fbB kCS random 16 4 1 4965001 21357646 64049758 35.760606 21.686799 1229 180200 41853745902.00
fbB kCS random 16 4 2 4965001 21352068 64055336 36.186519 21.467006 1187 180183 41850900552.00
fbB kCS random 32 4 0 4965001 21353585 64053819 36.147270 43.259146 4516 354376 71894095240.00
fbB kCS random 32 4 1 4965001 21357646 64049758 36.823965 43.326259 4457 354425 71896653478.00
fbB kCS random 32 4 2 4965001 21352068 64055336 36.434824 45.632784 4428 354431 71896812449.00
fbB kCS random 4 4 0 4965001 21353585 64053819 36.006882 8.703649 218 47083 14891609398.00
fbB kCS random 4 4 1 4965001 21357646 64049758 36.335892 9.091561 227 47091 14891968601.00
fbB kCS random 4 4 2 4965001 21352068 64055336 36.477806 9.154647 222 47075 14891347511.00
fbB kCS random 8 4 0 4965001 21353585 64053819 37.091044 13.388583 472 91999 24582057895.00
fbB kCS random 8 4 1 4965001 21357646 64049758 35.959651 13.387762 461 91995 24583409086.00
fbB kCS random 8 4 2 4965001 21352068 64055336 36.698945 13.492977 445 91982 24581296012.00
fbB kCS random 16 8 0 4965001 10677245 74730159 35.005737 11.282448 1251 180180 41852144307.00
fbB kCS random 16 8 1 4965001 10681189 74726215 36.686450 11.706825 1230 180200 41853745902.00
fbB kCS random 16 8 2 4965001 10675812 74731592 35.071803 11.751838 1193 180183 41850900552.00
fbB kCS random 32 8 0 4965001 10677245 74730159 36.674497 22.873301 4518 354376 71894095240.00
fbB kCS random 32 8 1 4965001 10681189 74726215 35.870076 23.419735 4465 354425 71896653478.00
fbB kCS random 32 8 2 4965001 10675812 74731592 35.666476 24.792842 4431 354431 71896812449.00
fbB kCS random 4 8 0 4965001 10677245 74730159 35.405706 4.636050 222 47083 14891609398.00
fbB kCS random 4 8 1 4965001 10681189 74726215 35.545679 4.859570 228 47091 14891968601.00
fbB kCS random 4 8 2 4965001 10675812 74731592 35.164067 4.899101 225 47075 14891347511.00
fbB kCS random 8 8 0 4965001 10677245 74730159 35.308040 7.145677 478 91999 24582057895.00
fbB kCS random 8 8 1 4965001 10681189 74726215 35.262726 7.074553 465 91995 24583409086.00
fbB kCS random 8 8 2 4965001 10675812 74731592 34.699175 7.292997 447 91982 24581296012.00
fbB kCS random 16 16 0 4965001 5338293 80069111 34.655388 6.354031 1254 180180 41852144307.00
fbB kCS random 16 16 1 4965001 5338969 80068435 35.552057 6.458748 1233 180200 41853745902.00
fbB kCS random 16 16 2 4965001 5338938 80068466 35.951977 6.167192 1194 180183 41850900552.00
fbB kCS random 32 16 0 4965001 5338293 80069111 34.399335 13.337414 4522 354376 71894095240.00
fbB kCS random 32 16 1 4965001 5338969 80068435 34.281727 13.603727 4467 354425 71896653478.00
fbB kCS random 32 16 2 4965001 5338938 80068466 34.378278 13.397131 4434 354431 71896812449.00
fbB kCS random 4 16 0 4965001 5338293 80069111 34.217437 2.639730 225 47083 14891609398.00
fbB kCS random 4 16 1 4965001 5338969 80068435 35.247029 2.631769 229 47091 14891968601.00
fbB kCS random 4 16 2 4965001 5338938 80068466 36.060048 2.666251 226 47075 14891347511.00
fbB kCS random 8 16 0 4965001 5338293 80069111 34.283226 4.090344 479 91999 24582057895.00
fbB kCS random 8 16 1 4965001 5338969 80068435 34.179143 4.102226 467 91995 24583409086.00
fbB kCS random 8 16 2 4965001 5338938 80068466 34.527264 3.915978 452 91982 24581296012.00
fbB kCS random 16 32 0 4965001 2668085 82739319 35.686640 3.610828 1254 180180 41852144307.00
fbB kCS random 16 32 1 4965001 2668868 82738536 35.154542 3.519905 1233 180200 41853745902.00
fbB kCS random 16 32 2 4965001 2669744 82737660 36.024537 3.722831 1195 180183 41850900552.00
fbB kCS random 32 32 0 4965001 2668085 82739319 34.333770 7.625570 4522 354376 71894095240.00
fbB kCS random 32 32 1 4965001 2668868 82738536 34.773589 7.129105 4467 354425 71896653478.00
fbB kCS random 32 32 2 4965001 2669744 82737660 34.263166 7.591986 4435 354431 71896812449.00
fbB kCS random 4 32 0 4965001 2668085 82739319 34.512752 1.702677 225 47083 14891609398.00
fbB kCS random 4 32 1 4965001 2668868 82738536 34.670677 1.556799 229 47091 14891968601.00
fbB kCS random 4 32 2 4965001 2669744 82737660 35.059512 1.728102 226 47075 14891347511.00
fbB kCS random 8 32 0 4965001 2668085 82739319 35.195648 2.545192 481 91999 24582057895.00
fbB kCS random 8 32 1 4965001 2668868 82738536 37.307483 2.310367 467 91995 24583409086.00
fbB kCS random 8 32 2 4965001 2669744 82737660 34.152965 2.404006 453 91982 24581296012.00
fbB kCS random 16 64 0 4965001 1334734 84072670 34.213599 3.337927 1256 180180 41852144307.00
fbB kCS random 16 64 1 4965001 1334749 84072655 34.774672 3.229695 1233 180200 41853745902.00
fbB kCS random 16 64 2 4965001 1334990 84072414 37.421048 3.063569 1195 180183 41850900552.00
fbB kCS random 32 64 0 4965001 1334734 84072670 37.196200 6.352526 4523 354376 71894095240.00
fbB kCS random 32 64 1 4965001 1334749 84072655 34.204952 6.341788 4467 354425 71896653478.00
fbB kCS random 32 64 2 4965001 1334990 84072414 34.696676 6.104086 4435 354431 71896812449.00
fbB kCS random 4 64 0 4965001 1334734 84072670 35.442599 1.421648 226 47083 14891609398.00
fbB kCS random 4 64 1 4965001 1334749 84072655 34.872642 1.323164 230 47091 14891968601.00
fbB kCS random 4 64 2 4965001 1334990 84072414 35.400076 1.388923 226 47075 14891347511.00
fbB kCS random 8 64 0 4965001 1334734 84072670 33.902063 2.495831 482 91999 24582057895.00
fbB kCS random 8 64 1 4965001 1334749 84072655 34.207398 2.225821 468 91995 24583409086.00
fbB kCS random 8 64 2 4965001 1334990 84072414 34.259973 2.134436 453 91982 24581296012.00
