graph algo p k cores repeat v local_e cross_e read_time running_time rounds matching_size matching_weight
fbA kCS random 8 1 0 357059 43057511 0 18.295481 8.197807 315 32298 29135367040.00
fbA kCS random 8 1 1 357059 43057511 0 18.540250 8.147868 303 32305 29135359363.00
fbC kCS random 8 1 0 990023 40654711 0 18.272661 10.884232 307 31001 239913210946.00
fbC kCS random 8 1 1 990023 40654711 0 18.373985 10.833492 293 30999 239913208117.00
rmat_s20_ef48_0.25_0.25_0.25_0.25_exp kCS random 8 1 0 1048576 50329356 0 29.387766 7.362468 103 4148176 438656359195.00
rmat_s20_ef48_0.25_0.25_0.25_0.25_exp kCS random 8 1 1 1048576 50329356 0 28.943569 7.331388 104 4148173 438656969067.00
rmat_s20_ef48_0.25_0.25_0.25_0.25_uni kCS random 8 1 0 1048576 50329246 0 29.162039 7.366288 105 4148291 1932889605303.00
rmat_s20_ef48_0.25_0.25_0.25_0.25_uni kCS random 8 1 1 1048576 50329246 0 29.381627 7.362626 105 4148315 1932889975893.00
rmat_s20_ef48_0.45_0.15_0.15_0.25_exp kCS random 8 1 0 1048576 50135288 0 27.404251 8.397748 102 3903505 362538726581.00
rmat_s20_ef48_0.45_0.15_0.15_0.25_exp kCS random 8 1 1 1048576 50135288 0 27.393112 8.345108 102 3903502 362538487536.00
rmat_s20_ef48_0.45_0.15_0.15_0.25_uni kCS random 8 1 0 1048576 50135639 0 28.488070 8.375657 98 3904212 1689093604396.00
rmat_s20_ef48_0.45_0.15_0.15_0.25_uni kCS random 8 1 1 1048576 50135639 0 28.047811 8.390578 98 3904188 1689092347497.00
rmat_s20_ef48_0.55_0.15_0.15_0.15_exp kCS random 8 1 0 1048576 48121491 0 24.967201 8.544651 93 2384060 193423407917.00
rmat_s20_ef48_0.55_0.15_0.15_0.15_exp kCS random 8 1 1 1048576 48121491 0 24.863711 8.492735 93 2384061 193423387715.00
rmat_s20_ef48_0.55_0.15_0.15_0.15_uni kCS random 8 1 0 1048576 48125802 0 25.210029 8.533425 93 2384724 931767256300.00
rmat_s20_ef48_0.55_0.15_0.15_0.15_uni kCS random 8 1 1 1048576 48125802 0 33.584606 8.468721 93 2384788 931772678205.00
fbA kCS random 8 1 2 357059 43057511 0 18.696690 8.199361 315 32293 29135358011.00
fbC kCS random 8 1 2 990023 40654711 0 18.601337 10.956673 302 31000 239913214155.00
rmat_s20_ef48_0.25_0.25_0.25_0.25_exp kCS random 8 1 2 1048576 50329356 0 29.445775 7.358200 103 4148162 438656721325.00
rmat_s20_ef48_0.25_0.25_0.25_0.25_uni kCS random 8 1 2 1048576 50329246 0 29.300704 7.345125 105 4148301 1932891248795.00
rmat_s20_ef48_0.45_0.15_0.15_0.25_exp kCS random 8 1 2 1048576 50135288 0 27.300744 8.385969 102 3903504 362538651240.00
rmat_s20_ef48_0.45_0.15_0.15_0.25_uni kCS random 8 1 2 1048576 50135639 0 27.755317 8.348347 98 3904159 1689086479759.00
rmat_s20_ef48_0.55_0.15_0.15_0.15_exp kCS random 8 1 2 1048576 48121491 0 24.750206 8.478052 93 2384058 193423310667.00
rmat_s20_ef48_0.55_0.15_0.15_0.15_uni kCS random 8 1 2 1048576 48125802 0 24.781518 8.483275 93 2384764 931775934348.00
fbA kCS random 8 2 0 357059 21518468 21539043 17.965566 5.671430 325 32298 29135367040.00
fbA kCS random 8 2 1 357059 21533735 21523776 18.036163 5.686979 314 32305 29135359363.00
fbC kCS random 8 2 0 990023 20325086 20329625 17.758394 7.239656 323 31001 239913210946.00
fbC kCS random 8 2 1 990023 20321877 20332834 18.361650 7.327197 304 30999 239913208117.00
rmat_s20_ef48_0.25_0.25_0.25_0.25_exp kCS random 8 2 0 1048576 25158138 25171218 26.551147 4.544996 110 4148176 438656359195.00
rmat_s20_ef48_0.25_0.25_0.25_0.25_exp kCS random 8 2 1 1048576 25161224 25168132 25.371377 4.533952 108 4148173 438656969067.00
rmat_s20_ef48_0.25_0.25_0.25_0.25_uni kCS random 8 2 0 1048576 25165098 25164148 25.541662 4.501390 107 4148291 1932889605303.00
rmat_s20_ef48_0.25_0.25_0.25_0.25_uni kCS random 8 2 1 1048576 25166624 25162622 25.407755 4.535578 106 4148315 1932889975893.00
rmat_s20_ef48_0.45_0.15_0.15_0.25_exp kCS random 8 2 0 1048576 25070612 25064676 24.347260 5.181917 103 3903505 362538726581.00
rmat_s20_ef48_0.45_0.15_0.15_0.25_exp kCS random 8 2 1 1048576 25068784 25066504 24.443237 5.145312 102 3903502 362538487536.00
rmat_s20_ef48_0.45_0.15_0.15_0.25_uni kCS random 8 2 0 1048576 25063135 25072504 24.363674 5.212894 99 3904212 1689093604396.00
rmat_s20_ef48_0.45_0.15_0.15_0.25_uni kCS random 8 2 1 1048576 25067561 25068078 24.541624 5.200073 98 3904188 1689092347497.00
rmat_s20_ef48_0.55_0.15_0.15_0.15_exp kCS random 8 2 0 1048576 24063168 24058323 22.297179 5.269272 96 2384060 193423407917.00
rmat_s20_ef48_0.55_0.15_0.15_0.15_exp kCS random 8 2 1 1048576 24067675 24053816 22.749698 5.225845 96 2384061 193423387715.00
rmat_s20_ef48_0.55_0.15_0.15_0.15_uni kCS random 8 2 0 1048576 24056023 24069779 47.351762 5.275327 96 2384724 931767256300.00
rmat_s20_ef48_0.55_0.15_0.15_0.15_uni kCS random 8 2 1 1048576 24066811 24058991 31.503071 5.277915 97 2384788 931772678205.00
fbA kCS random 8 2 2 357059 21530347 21527164 18.348663 5.683696 326 32293 29135358011.00
fbC kCS random 8 2 2 990023 20330339 20324372 17.842668 7.239412 316 31000 239913214155.00
rmat_s20_ef48_0.25_0.25_0.25_0.25_exp kCS random 8 2 2 1048576 25159967 25169389 25.385407 4.500034 108 4148162 438656721325.00
rmat_s20_ef48_0.25_0.25_0.25_0.25_uni kCS random 8 2 2 1048576 25166258 25162988 25.725421 4.484851 105 4148301 1932891248795.00
rmat_s20_ef48_0.45_0.15_0.15_0.25_exp kCS random 8 2 2 1048576 25068389 25066899 24.182739 5.158491 104 3903504 362538651240.00
rmat_s20_ef48_0.45_0.15_0.15_0.25_uni kCS random 8 2 2 1048576 25063046 25072593 24.484240 5.195219 99 3904159 1689086479759.00
rmat_s20_ef48_0.55_0.15_0.15_0.15_exp kCS random 8 2 2 1048576 24060305 24061186 22.602481 5.238364 96 2384058 193423310667.00
rmat_s20_ef48_0.55_0.15_0.15_0.15_uni kCS random 8 2 2 1048576 24062508 24063294 22.848573 5.245897 98 2384764 931775934348.00
fbA kCS random 8 4 0 357059 10763443 32294068 17.320266 2.664918 328 32298 29135367040.00
fbA kCS random 8 4 1 357059 10771595 32285916 17.385066 2.684068 324 32305 29135359363.00
fbC kCS random 8 4 0 990023 10159692 30495019 17.069351 3.443833 332 31001 239913210946.00
fbC kCS random 8 4 1 990023 10161134 30493577 16.790079 3.260626 311 30999 239913208117.00
rmat_s20_ef48_0.25_0.25_0.25_0.25_exp kCS random 8 4 0 1048576 12581650 37747706 22.472971 2.237572 110 4148176 438656359195.00
rmat_s20_ef48_0.25_0.25_0.25_0.25_exp kCS random 8 4 1 1048576 12580783 37748573 22.504232 2.258342 112 4148173 438656969067.00
rmat_s20_ef48_0.25_0.25_0.25_0.25_uni kCS random 8 4 0 1048576 12584425 37744821 22.802275 2.262395 107 4148291 1932889605303.00
rmat_s20_ef48_0.25_0.25_0.25_0.25_uni kCS random 8 4 1 1048576 12587691 37741555 22.802124 2.268166 107 4148315 1932889975893.00
rmat_s20_ef48_0.45_0.15_0.15_0.25_exp kCS random 8 4 0 1048576 12534695 37600593 22.305506 2.579870 105 3903505 362538726581.00
rmat_s20_ef48_0.45_0.15_0.15_0.25_exp kCS random 8 4 1 1048576 12532591 37602697 22.152259 2.572787 104 3903502 362538487536.00
rmat_s20_ef48_0.45_0.15_0.15_0.25_uni kCS random 8 4 0 1048576 12534444 37601195 22.667343 2.564120 101 3904212 1689093604396.00
rmat_s20_ef48_0.45_0.15_0.15_0.25_uni kCS random 8 4 1 1048576 12537200 37598439 22.566867 2.643491 101 3904188 1689092347497.00
rmat_s20_ef48_0.55_0.15_0.15_0.15_exp kCS random 8 4 0 1048576 12030506 36090985 20.878824 2.641624 97 2384060 193423407917.00
rmat_s20_ef48_0.55_0.15_0.15_0.15_exp kCS random 8 4 1 1048576 12031109 36090382 20.849582 2.646627 99 2384061 193423387715.00
rmat_s20_ef48_0.55_0.15_0.15_0.15_uni kCS random 8 4 0 1048576 12024242 36101560 22.359802 2.629085 100 2384724 931767256300.00
rmat_s20_ef48_0.55_0.15_0.15_0.15_uni kCS random 8 4 1 1048576 12030291 36095511 21.534948 2.625374 98 2384788 931772678205.00
fbA kCS random 8 4 2 357059 10764721 32292790 17.165369 2.675917 328 32293 29135358011.00
fbC kCS random 8 4 2 990023 10164936 30489775 17.063916 3.502354 325 31000 239913214155.00
rmat_s20_ef48_0.25_0.25_0.25_0.25_exp kCS random 8 4 2 1048576 12578575 37750781 22.840559 2.244132 109 4148162 438656721325.00
rmat_s20_ef48_0.25_0.25_0.25_0.25_uni kCS random 8 4 2 1048576 12587006 37742240 22.828066 2.250036 107 4148301 1932891248795.00
rmat_s20_ef48_0.45_0.15_0.15_0.25_exp kCS random 8 4 2 1048576 12538050 37597238 22.199389 2.580150 104 3903504 362538651240.00
rmat_s20_ef48_0.45_0.15_0.15_0.25_uni kCS random 8 4 2 1048576 12531868 37603771 22.389845 2.598649 100 3904159 1689086479759.00
rmat_s20_ef48_0.55_0.15_0.15_0.15_exp kCS random 8 4 2 1048576 12032859 36088632 20.586165 2.636727 98 2384058 193423310667.00
rmat_s20_ef48_0.55_0.15_0.15_0.15_uni kCS random 8 4 2 1048576 12032890 36092912 21.072480 2.673383 99 2384764 931775934348.00
fbA kCS random 8 8 0 357059 5384110 37673401 16.682935 1.358987 332 32298 29135367040.00
fbA kCS random 8 8 1 357059 5383848 37673663 16.858412 1.411530 326 32305 29135359363.00
fbC kCS random 8 8 0 990023 5077237 35577474 16.476430 1.761768 333 31001 239913210946.00
fbC kCS random 8 8 1 990023 5079579 35575132 16.492151 1.678060 314 30999 239913208117.00
rmat_s20_ef48_0.25_0.25_0.25_0.25_exp kCS random 8 8 0 1048576 6288723 44040633 21.373532 1.173004 111 4148176 438656359195.00
rmat_s20_ef48_0.25_0.25_0.25_0.25_exp kCS random 8 8 1 1048576 6290909 44038447 21.169299 1.158019 113 4148173 438656969067.00
rmat_s20_ef48_0.25_0.25_0.25_0.25_uni kCS random 8 8 0 1048576 6294547 44034699 21.625697 1.156293 108 4148291 1932889605303.00
rmat_s20_ef48_0.25_0.25_0.25_0.25_uni kCS random 8 8 1 1048576 6291636 44037610 21.565618 1.168817 108 4148315 1932889975893.00
rmat_s20_ef48_0.45_0.15_0.15_0.25_exp kCS random 8 8 0 1048576 6265335 43869953 22.188482 1.293508 105 3903505 362538726581.00
rmat_s20_ef48_0.45_0.15_0.15_0.25_exp kCS random 8 8 1 1048576 6267107 43868181 21.603506 1.298974 105 3903502 362538487536.00
rmat_s20_ef48_0.45_0.15_0.15_0.25_uni kCS random 8 8 0 1048576 6269204 43866435 21.235004 1.310499 104 3904212 1689093604396.00
rmat_s20_ef48_0.45_0.15_0.15_0.25_uni kCS random 8 8 1 1048576 6269423 43866216 22.072524 1.297190 103 3904188 1689092347497.00
rmat_s20_ef48_0.55_0.15_0.15_0.15_exp kCS random 8 8 0 1048576 6015398 42106093 19.827730 1.327328 99 2384060 193423407917.00
rmat_s20_ef48_0.55_0.15_0.15_0.15_exp kCS random 8 8 1 1048576 6013437 42108054 19.742365 1.298859 99 2384061 193423387715.00
rmat_s20_ef48_0.55_0.15_0.15_0.15_uni kCS random 8 8 0 1048576 6013220 42112582 20.122333 1.294170 100 2384724 931767256300.00
rmat_s20_ef48_0.55_0.15_0.15_0.15_uni kCS random 8 8 1 1048576 6015477 42110325 19.794084 1.314469 100 2384788 931772678205.00
fbA kCS random 8 8 2 357059 5383808 37673703 16.786473 1.403838 330 32293 29135358011.00
fbC kCS random 8 8 2 990023 5081596 35573115 16.611734 1.769759 331 31000 239913214155.00
rmat_s20_ef48_0.25_0.25_0.25_0.25_exp kCS random 8 8 2 1048576 6291387 44037969 21.517265 1.162104 112 4148162 438656721325.00
rmat_s20_ef48_0.25_0.25_0.25_0.25_uni kCS random 8 8 2 1048576 6296385 44032861 21.653035 1.162934 107 4148301 1932891248795.00
rmat_s20_ef48_0.45_0.15_0.15_0.25_exp kCS random 8 8 2 1048576 6269292 43865996 20.934048 1.304100 105 3903504 362538651240.00
rmat_s20_ef48_0.45_0.15_0.15_0.25_uni kCS random 8 8 2 1048576 6267020 43868619 22.457252 1.303027 104 3904159 1689086479759.00
rmat_s20_ef48_0.55_0.15_0.15_0.15_exp kCS random 8 8 2 1048576 6018977 42102514 20.229783 1.321383 100 2384058 193423310667.00
rmat_s20_ef48_0.55_0.15_0.15_0.15_uni kCS random 8 8 2 1048576 6018915 42106887 20.177809 1.296740 99 2384764 931775934348.00
fbA kCS random 8 16 0 357059 2693549 40363962 27.714160 0.742990 333 32298 29135367040.00
fbA kCS random 8 16 1 357059 2693409 40364102 32.118866 0.750345 329 32305 29135359363.00
fbC kCS random 8 16 0 990023 2536958 38117753 16.330808 1.171750 335 31001 239913210946.00
fbC kCS random 8 16 1 990023 2538977 38115734 16.368067 1.171864 316 30999 239913208117.00
rmat_s20_ef48_0.25_0.25_0.25_0.25_exp kCS random 8 16 0 1048576 3143652 47185704 21.463581 0.761728 111 4148176 438656359195.00
rmat_s20_ef48_0.25_0.25_0.25_0.25_exp kCS random 8 16 1 1048576 3145279 47184077 21.147629 0.752767 113 4148173 438656969067.00
rmat_s20_ef48_0.25_0.25_0.25_0.25_uni kCS random 8 16 0 1048576 3148428 47180818 20.909537 0.754095 108 4148291 1932889605303.00
rmat_s20_ef48_0.25_0.25_0.25_0.25_uni kCS random 8 16 1 1048576 3147824 47181422 25.073725 0.750216 108 4148315 1932889975893.00
rmat_s20_ef48_0.45_0.15_0.15_0.25_exp kCS random 8 16 0 1048576 3135146 47000142 20.470258 0.761485 105 3903505 362538726581.00
rmat_s20_ef48_0.45_0.15_0.15_0.25_exp kCS random 8 16 1 1048576 3133799 47001489 20.382826 0.754331 105 3903502 362538487536.00
rmat_s20_ef48_0.45_0.15_0.15_0.25_uni kCS random 8 16 0 1048576 3136056 46999583 21.249543 0.757868 104 3904212 1689093604396.00
rmat_s20_ef48_0.45_0.15_0.15_0.25_uni kCS random 8 16 1 1048576 3134095 47001544 20.840372 0.759350 103 3904188 1689092347497.00
rmat_s20_ef48_0.55_0.15_0.15_0.15_exp kCS random 8 16 0 1048576 3006573 45114918 34.849537 0.737280 101 2384060 193423407917.00
rmat_s20_ef48_0.55_0.15_0.15_0.15_exp kCS random 8 16 1 1048576 3006509 45114982 42.614994 0.713610 100 2384061 193423387715.00
rmat_s20_ef48_0.55_0.15_0.15_0.15_uni kCS random 8 16 0 1048576 3007028 45118774 20.348523 0.721841 100 2384724 931767256300.00
rmat_s20_ef48_0.55_0.15_0.15_0.15_uni kCS random 8 16 1 1048576 3009199 45116603 19.967066 0.713152 100 2384788 931772678205.00
fbA kCS random 8 16 2 357059 2693762 40363749 17.283927 0.773273 332 32293 29135358011.00
fbC kCS random 8 16 2 990023 2540435 38114276 16.263293 1.184250 332 31000 239913214155.00
rmat_s20_ef48_0.25_0.25_0.25_0.25_exp kCS random 8 16 2 1048576 3145222 47184134 20.676035 0.744235 112 4148162 438656721325.00
rmat_s20_ef48_0.25_0.25_0.25_0.25_uni kCS random 8 16 2 1048576 3148008 47181238 20.905112 0.756822 107 4148301 1932891248795.00
rmat_s20_ef48_0.45_0.15_0.15_0.25_exp kCS random 8 16 2 1048576 3132518 47002770 20.685442 0.764997 105 3903504 362538651240.00
rmat_s20_ef48_0.45_0.15_0.15_0.25_uni kCS random 8 16 2 1048576 3133167 47002472 21.297597 0.746586 104 3904159 1689086479759.00
rmat_s20_ef48_0.55_0.15_0.15_0.15_exp kCS random 8 16 2 1048576 3011174 45110317 19.700406 0.711259 100 2384058 193423310667.00
rmat_s20_ef48_0.55_0.15_0.15_0.15_uni kCS random 8 16 2 1048576 3008634 45117168 20.375580 0.718263 99 2384764 931775934348.00
fbA kCS random 8 32 0 357059 1347533 41709978 16.860691 0.478521 334 32298 29135367040.00
fbA kCS random 8 32 1 357059 1346507 41711004 16.436421 0.490053 330 32305 29135359363.00
fbC kCS random 8 32 0 990023 1269367 39385344 16.347458 0.889668 336 31001 239913210946.00
fbC kCS random 8 32 1 990023 1271924 39382787 16.691620 0.994176 317 30999 239913208117.00
rmat_s20_ef48_0.25_0.25_0.25_0.25_exp kCS random 8 32 0 1048576 1571499 48757857 20.385863 0.629310 111 4148176 438656359195.00
rmat_s20_ef48_0.25_0.25_0.25_0.25_exp kCS random 8 32 1 1048576 1573531 48755825 21.154950 0.627172 113 4148173 438656969067.00
rmat_s20_ef48_0.25_0.25_0.25_0.25_uni kCS random 8 32 0 1048576 1573659 48755587 20.740221 0.602864 108 4148291 1932889605303.00
rmat_s20_ef48_0.25_0.25_0.25_0.25_uni kCS random 8 32 1 1048576 1574004 48755242 20.711827 0.611760 108 4148315 1932889975893.00
rmat_s20_ef48_0.45_0.15_0.15_0.25_exp kCS random 8 32 0 1048576 1567697 48567591 20.213240 0.555563 105 3903505 362538726581.00
rmat_s20_ef48_0.45_0.15_0.15_0.25_exp kCS random 8 32 1 1048576 1567098 48568190 20.491839 0.552878 105 3903502 362538487536.00
rmat_s20_ef48_0.45_0.15_0.15_0.25_uni kCS random 8 32 0 1048576 1568076 48567563 20.345508 0.561701 104 3904212 1689093604396.00
rmat_s20_ef48_0.45_0.15_0.15_0.25_uni kCS random 8 32 1 1048576 1566686 48568953 20.348963 0.565856 104 3904188 1689092347497.00
rmat_s20_ef48_0.55_0.15_0.15_0.15_exp kCS random 8 32 0 1048576 1502893 46618598 19.160595 0.492231 101 2384060 193423407917.00
rmat_s20_ef48_0.55_0.15_0.15_0.15_exp kCS random 8 32 1 1048576 1503099 46618392 19.826854 0.495078 101 2384061 193423387715.00
rmat_s20_ef48_0.55_0.15_0.15_0.15_uni kCS random 8 32 0 1048576 1503024 46622778 19.336065 0.501159 100 2384724 931767256300.00
rmat_s20_ef48_0.55_0.15_0.15_0.15_uni kCS random 8 32 1 1048576 1505506 46620296 19.488195 0.505012 100 2384788 931772678205.00
fbA kCS random 8 32 2 357059 1346563 41710948 17.064294 0.525382 333 32293 29135358011.00
fbC kCS random 8 32 2 990023 1270715 39383996 16.223095 0.919910 332 31000 239913214155.00
rmat_s20_ef48_0.25_0.25_0.25_0.25_exp kCS random 8 32 2 1048576 1572405 48756951 20.486370 0.637005 112 4148162 438656721325.00
rmat_s20_ef48_0.25_0.25_0.25_0.25_uni kCS random 8 32 2 1048576 1572904 48756342 20.741206 0.611303 107 4148301 1932891248795.00
rmat_s20_ef48_0.45_0.15_0.15_0.25_exp kCS random 8 32 2 1048576 1566451 48568837 20.947231 0.571368 105 3903504 362538651240.00
rmat_s20_ef48_0.45_0.15_0.15_0.25_uni kCS random 8 32 2 1048576 1566532 48569107 20.886909 0.586630 104 3904159 1689086479759.00
rmat_s20_ef48_0.55_0.15_0.15_0.15_exp kCS random 8 32 2 1048576 1504839 46616652 19.867133 0.516405 100 2384058 193423310667.00
rmat_s20_ef48_0.55_0.15_0.15_0.15_uni kCS random 8 32 2 1048576 1503146 46622656 19.704113 0.517121 99 2384764 931775934348.00
fbA kCS random 8 64 0 357059 674509 42383002 16.810396 0.367036 334 32298 29135367040.00
fbA kCS random 8 64 1 357059 672958 42384553 16.791001 0.378910 330 32305 29135359363.00
fbC kCS random 8 64 0 990023 634986 40019725 16.124930 0.861857 337 31001 239913210946.00
fbC kCS random 8 64 1 990023 636691 40018020 16.653399 0.925048 317 30999 239913208117.00
rmat_s20_ef48_0.25_0.25_0.25_0.25_exp kCS random 8 64 0 1048576 785972 49543384 20.299952 0.679016 111 4148176 438656359195.00
rmat_s20_ef48_0.25_0.25_0.25_0.25_exp kCS random 8 64 1 1048576 787006 49542350 20.540827 0.697528 113 4148173 438656969067.00
rmat_s20_ef48_0.25_0.25_0.25_0.25_uni kCS random 8 64 0 1048576 786329 49542917 21.003111 0.683450 108 4148291 1932889605303.00
rmat_s20_ef48_0.25_0.25_0.25_0.25_uni kCS random 8 64 1 1048576 787902 49541344 20.789014 0.681956 108 4148315 1932889975893.00
rmat_s20_ef48_0.45_0.15_0.15_0.25_exp kCS random 8 64 0 1048576 785104 49350184 20.380178 1.013946 105 3903505 362538726581.00
rmat_s20_ef48_0.45_0.15_0.15_0.25_exp kCS random 8 64 1 1048576 784029 49351259 20.591852 1.005900 105 3903502 362538487536.00
rmat_s20_ef48_0.45_0.15_0.15_0.25_uni kCS random 8 64 0 1048576 784128 49351511 20.936325 1.002225 104 3904212 1689093604396.00
rmat_s20_ef48_0.45_0.15_0.15_0.25_uni kCS random 8 64 1 1048576 783380 49352259 20.663190 1.008002 104 3904188 1689092347497.00
rmat_s20_ef48_0.55_0.15_0.15_0.15_exp kCS random 8 64 0 1048576 752109 47369382 19.589660 0.995890 101 2384060 193423407917.00
rmat_s20_ef48_0.55_0.15_0.15_0.15_exp kCS random 8 64 1 1048576 751279 47370212 19.122608 0.994624 101 2384061 193423387715.00
rmat_s20_ef48_0.55_0.15_0.15_0.15_uni kCS random 8 64 0 1048576 751789 47374013 20.153333 1.012380 100 2384724 931767256300.00
rmat_s20_ef48_0.55_0.15_0.15_0.15_uni kCS random 8 64 1 1048576 753536 47372266 22.008508 1.021515 100 2384788 931772678205.00
fbA kCS random 8 64 2 357059 673754 42383757 16.575061 0.361059 333 32293 29135358011.00
fbC kCS random 8 64 2 990023 635401 40019310 16.717877 0.880067 332 31000 239913214155.00
rmat_s20_ef48_0.25_0.25_0.25_0.25_exp kCS random 8 64 2 1048576 786038 49543318 20.746986 0.655166 112 4148162 438656721325.00
rmat_s20_ef48_0.25_0.25_0.25_0.25_uni kCS random 8 64 2 1048576 785855 49543391 20.790029 0.652087 107 4148301 1932891248795.00
rmat_s20_ef48_0.45_0.15_0.15_0.25_exp kCS random 8 64 2 1048576 782200 49353088 20.717588 0.938201 105 3903504 362538651240.00
rmat_s20_ef48_0.45_0.15_0.15_0.25_uni kCS random 8 64 2 1048576 782185 49353454 21.154492 0.961089 104 3904159 1689086479759.00
rmat_s20_ef48_0.55_0.15_0.15_0.15_exp kCS random 8 64 2 1048576 752202 47369289 19.944071 0.961755 100 2384058 193423310667.00
rmat_s20_ef48_0.55_0.15_0.15_0.15_uni kCS random 8 64 2 1048576 751236 47374566 20.154587 0.958510 100 2384764 931775934348.00
