graph algo p k cores repeat v local_e cross_e read_time running_time rounds matching_size matching_weight
rmat_s20_ef48_0.25_0.25_0.25_0.25_exp kCS random 8 8 0 1048576 6288723 44040633 21.373532 1.173004 111 4148176 438656359195.00
rmat_s20_ef48_0.25_0.25_0.25_0.25_exp kCS random 8 8 1 1048576 6290909 44038447 21.169299 1.158019 113 4148173 438656969067.00
rmat_s20_ef48_0.25_0.25_0.25_0.25_uni kCS random 8 8 0 1048576 6294547 44034699 21.625697 1.156293 108 4148291 1932889605303.00
rmat_s20_ef48_0.25_0.25_0.25_0.25_uni kCS random 8 8 1 1048576 6291636 44037610 21.565618 1.168817 108 4148315 1932889975893.00
rmat_s20_ef48_0.45_0.15_0.15_0.25_exp kCS random 8 8 0 1048576 6265335 43869953 22.188482 1.293508 105 3903505 362538726581.00
rmat_s20_ef48_0.45_0.15_0.15_0.25_exp kCS random 8 8 1 1048576 6267107 43868181 21.603506 1.298974 105 3903502 362538487536.00
rmat_s20_ef48_0.45_0.15_0.15_0.25_uni kCS random 8 8 0 1048576 6269204 43866435 21.235004 1.310499 104 3904212 1689093604396.00
rmat_s20_ef48_0.45_0.15_0.15_0.25_uni kCS random 8 8 1 1048576 6269423 43866216 22.072524 1.297190 103 3904188 1689092347497.00
rmat_s20_ef48_0.55_0.15_0.15_0.15_exp kCS random 8 8 0 1048576 6015398 42106093 19.827730 1.327328 99 2384060 193423407917.00
rmat_s20_ef48_0.55_0.15_0.15_0.15_exp kCS random 8 8 1 1048576 6013437 42108054 19.742365 1.298859 99 2384061 193423387715.00
rmat_s20_ef48_0.55_0.15_0.15_0.15_uni kCS random 8 8 0 1048576 6013220 42112582 20.122333 1.294170 100 2384724 931767256300.00
rmat_s20_ef48_0.55_0.15_0.15_0.15_uni kCS random 8 8 1 1048576 6015477 42110325 19.794084 1.314469 100 2384788 931772678205.00
rmat_s20_ef48_0.25_0.25_0.25_0.25_exp kCS random 8 8 2 1048576 6291387 44037969 21.517265 1.162104 112 4148162 438656721325.00
rmat_s20_ef48_0.25_0.25_0.25_0.25_uni kCS random 8 8 2 1048576 6296385 44032861 21.653035 1.162934 107 4148301 1932891248795.00
rmat_s20_ef48_0.45_0.15_0.15_0.25_exp kCS random 8 8 2 1048576 6269292 43865996 20.934048 1.304100 105 3903504 362538651240.00
rmat_s20_ef48_0.45_0.15_0.15_0.25_uni kCS random 8 8 2 1048576 6267020 43868619 22.457252 1.303027 104 3904159 1689086479759.00
rmat_s20_ef48_0.55_0.15_0.15_0.15_exp kCS random 8 8 2 1048576 6018977 42102514 20.229783 1.321383 100 2384058 193423310667.00
rmat_s20_ef48_0.55_0.15_0.15_0.15_uni kCS random 8 8 2 1048576 6018915 42106887 20.177809 1.296740 99 2384764 931775934348.00
rmat_s21_ef24_0.25_0.25_0.25_0.25_exp kCS random 8 16 0 2097152 3146687 47184352 21.051665 1.298381 90 8194959 694121807322.00
rmat_s21_ef24_0.25_0.25_0.25_0.25_exp kCS random 8 16 1 2097152 3146350 47184689 21.848700 1.302573 89 8194919 694121582246.00
rmat_s21_ef24_0.25_0.25_0.25_0.25_exp kCS random 8 16 2 2097152 3143402 47187637 22.221457 1.311431 90 8194911 694121202845.00
rmat_s21_ef24_0.25_0.25_0.25_0.25_uni kCS random 8 16 0 2097152 3146831 47184225 21.320793 1.296976 90 8194899 3602735670707.00
rmat_s21_ef24_0.25_0.25_0.25_0.25_uni kCS random 8 16 1 2097152 3147687 47183369 21.674573 1.281757 90 8194922 3602741277989.00
rmat_s21_ef24_0.25_0.25_0.25_0.25_uni kCS random 8 16 2 2097152 3142714 47188342 21.966638 1.288742 90 8194913 3602744614264.00
rmat_s21_ef24_0.45_0.15_0.15_0.25_exp kCS random 8 16 0 2097152 3139004 47113996 21.022953 1.277200 89 7260785 551269979809.00
rmat_s21_ef24_0.45_0.15_0.15_0.25_exp kCS random 8 16 1 2097152 3140800 47112200 20.960444 1.274962 89 7260775 551270194704.00
rmat_s21_ef24_0.45_0.15_0.15_0.25_exp kCS random 8 16 2 2097152 3140753 47112247 21.822491 1.277715 89 7260783 551270063032.00
rmat_s21_ef24_0.45_0.15_0.15_0.25_uni kCS random 8 16 0 2097152 3143649 47110259 21.868202 1.278527 91 7262435 2920110542285.00
rmat_s21_ef24_0.45_0.15_0.15_0.25_uni kCS random 8 16 1 2097152 3140051 47113857 21.243910 1.281080 92 7262450 2920108361829.00
rmat_s21_ef24_0.45_0.15_0.15_0.25_uni kCS random 8 16 2 2097152 3140637 47113271 21.327400 1.282474 91 7262450 2920111249555.00
rmat_s21_ef24_0.55_0.15_0.15_0.15_exp kCS random 8 16 0 2097152 3078003 46173991 20.967960 1.016471 95 3874724 278570713367.00
rmat_s21_ef24_0.55_0.15_0.15_0.15_exp kCS random 8 16 1 2097152 3076555 46175439 20.337305 0.998570 94 3874723 278570771092.00
rmat_s21_ef24_0.55_0.15_0.15_0.15_exp kCS random 8 16 2 2097152 3074755 46177239 20.743408 1.013923 94 3874722 278570695739.00
rmat_s21_ef24_0.55_0.15_0.15_0.15_uni kCS random 8 16 0 2097152 3080328 46173254 20.462779 1.019560 97 3875289 1446546232704.00
rmat_s21_ef24_0.55_0.15_0.15_0.15_uni kCS random 8 16 1 2097152 3076459 46177123 20.484919 1.020279 98 3875310 1446545944095.00
rmat_s21_ef24_0.55_0.15_0.15_0.15_uni kCS random 8 16 2 2097152 3077978 46175604 20.517838 1.010742 97 3875295 1446541542564.00
rmat_s22_ef24_0.25_0.25_0.25_0.25_exp kCS random 8 32 0 4194304 3148473 97514207 42.314651 1.740650 89 16389234 1388513557382.00
rmat_s22_ef24_0.25_0.25_0.25_0.25_exp kCS random 8 32 1 4194304 3147228 97515452 42.445752 1.746009 89 16389256 1388513759864.00
rmat_s22_ef24_0.25_0.25_0.25_0.25_exp kCS random 8 32 2 4194304 3143490 97519190 43.009547 1.741498 89 16389266 1388513391957.00
rmat_s22_ef24_0.25_0.25_0.25_0.25_uni kCS random 8 32 0 4194304 3146128 97516573 42.854607 1.758627 92 16388793 7205398549668.00
rmat_s22_ef24_0.25_0.25_0.25_0.25_uni kCS random 8 32 1 4194304 3145674 97517027 42.814927 1.808830 93 16388827 7205393665876.00
rmat_s22_ef24_0.25_0.25_0.25_0.25_uni kCS random 8 32 2 4194304 3145812 97516889 42.201596 1.745737 93 16388839 7205396180896.00
rmat_s22_ef24_0.45_0.15_0.15_0.25_exp kCS random 8 32 0 4194304 3144068 97417202 41.889731 1.911161 93 14409364 1090570982090.00
rmat_s22_ef24_0.45_0.15_0.15_0.25_exp kCS random 8 32 1 4194304 3142516 97418754 41.620178 1.901157 93 14409379 1090571167402.00
rmat_s22_ef24_0.45_0.15_0.15_0.25_exp kCS random 8 32 2 4194304 3140666 97420604 41.825076 1.912926 93 14409396 1090571206923.00
rmat_s22_ef24_0.45_0.15_0.15_0.25_uni kCS random 8 32 0 4194304 3143016 97417785 43.003465 1.905398 91 14409945 5778935868116.00
rmat_s22_ef24_0.45_0.15_0.15_0.25_uni kCS random 8 32 1 4194304 3140836 97419965 42.244622 1.930325 91 14409928 5778927801749.00
rmat_s22_ef24_0.45_0.15_0.15_0.25_uni kCS random 8 32 2 4194304 3143580 97417221 42.139461 1.961634 90 14409971 5778941628351.00
rmat_s22_ef24_0.55_0.15_0.15_0.15_exp kCS random 8 32 0 4194304 3097187 95908214 41.535762 1.390664 102 7469176 536315014618.00
rmat_s22_ef24_0.55_0.15_0.15_0.15_exp kCS random 8 32 1 4194304 3095441 95909960 41.108457 1.413756 103 7469174 536314893943.00
rmat_s22_ef24_0.55_0.15_0.15_0.15_exp kCS random 8 32 2 4194304 3095698 95909703 41.111472 1.422831 103 7469175 536315046421.00
rmat_s22_ef24_0.55_0.15_0.15_0.15_uni kCS random 8 32 0 4194304 3092026 95911471 41.283125 1.386126 95 7467279 2782470056184.00
rmat_s22_ef24_0.55_0.15_0.15_0.15_uni kCS random 8 32 1 4194304 3096629 95906868 43.142323 1.415401 95 7467259 2782464639946.00
rmat_s22_ef24_0.55_0.15_0.15_0.15_uni kCS random 8 32 2 4194304 3093376 95910121 42.912036 1.412714 95 7467270 2782467606518.00
rmat_s23_ef24_0.25_0.25_0.25_0.25_exp kCS random 8 64 0 8388608 3147524 198178446 84.390665 2.637089 93 32777740 2777196047155.00
rmat_s23_ef24_0.25_0.25_0.25_0.25_exp kCS random 8 64 1 8388608 3141946 198184024 85.121124 2.649270 93 32777743 2777195198065.00
rmat_s23_ef24_0.25_0.25_0.25_0.25_exp kCS random 8 64 2 8388608 3146093 198179877 86.931922 2.630000 93 32777706 2777196136857.00
rmat_s23_ef24_0.25_0.25_0.25_0.25_uni kCS random 8 64 0 8388608 3143895 198182090 92.326495 2.643774 96 32779085 14410977049853.00
rmat_s23_ef24_0.25_0.25_0.25_0.25_uni kCS random 8 64 1 8388608 3146119 198179866 84.459227 2.648717 96 32779202 14411002007850.00
rmat_s23_ef24_0.25_0.25_0.25_0.25_uni kCS random 8 64 2 8388608 3144427 198181558 85.220669 2.600625 96 32779065 14410982856312.00
rmat_s23_ef24_0.45_0.15_0.15_0.25_exp kCS random 8 64 0 8388608 3143555 198049028 86.091038 2.860354 91 28597442 2159091353693.00
rmat_s23_ef24_0.45_0.15_0.15_0.25_exp kCS random 8 64 1 8388608 3144291 198048292 84.554479 2.863691 91 28597426 2159090392288.00
rmat_s23_ef24_0.45_0.15_0.15_0.25_exp kCS random 8 64 2 8388608 3143609 198048974 85.790788 2.872933 91 28597405 2159089955789.00
rmat_s23_ef24_0.45_0.15_0.15_0.25_uni kCS random 8 64 0 8388608 3144072 198050037 85.322647 2.848220 91 28597931 11439899259639.00
rmat_s23_ef24_0.45_0.15_0.15_0.25_uni kCS random 8 64 1 8388608 3143104 198051005 87.036417 2.871517 92 28597958 11439913031842.00
rmat_s23_ef24_0.45_0.15_0.15_0.25_uni kCS random 8 64 2 8388608 3146069 198048040 91.140973 2.888786 91 28597872 11439893007659.00
rmat_s23_ef24_0.55_0.15_0.15_0.15_exp kCS random 8 64 0 8388608 3105449 195675454 82.249284 2.903269 101 14397026 1032807505602.00
rmat_s23_ef24_0.55_0.15_0.15_0.15_exp kCS random 8 64 1 8388608 3105570 195675333 85.720589 2.981092 100 14397009 1032807044170.00
rmat_s23_ef24_0.55_0.15_0.15_0.15_exp kCS random 8 64 2 8388608 3106237 195674666 84.671727 2.955058 101 14397023 1032807492779.00
rmat_s23_ef24_0.55_0.15_0.15_0.15_uni kCS random 8 64 0 8388608 3105585 195675284 83.430505 2.836041 100 14397315 5355193761713.00
rmat_s23_ef24_0.55_0.15_0.15_0.15_uni kCS random 8 64 1 8388608 3106558 195674311 85.603566 2.833329 99 14397319 5355195270686.00
rmat_s23_ef24_0.55_0.15_0.15_0.15_uni kCS random 8 64 2 8388608 3104279 195676590 83.378010 2.835889 100 14397320 5355185867982.00
rmat_s24_ef24_0.25_0.25_0.25_0.25_exp kCS random 8 128 0 16777216 3144024 399508594 181.843166 3.570512 92 65558041 5554051844709.00
rmat_s24_ef24_0.25_0.25_0.25_0.25_exp kCS random 8 128 1 16777216 3141012 399511606 189.800080 3.555876 92 65558068 5554049821570.00
rmat_s24_ef24_0.25_0.25_0.25_0.25_uni kCS random 8 128 0 16777216 3145463 399507129 196.918304 3.522680 93 65558444 28822098523014.00
rmat_s24_ef24_0.25_0.25_0.25_0.25_uni kCS random 8 128 1 16777216 3142381 399510211 187.212315 3.559174 93 65558455 28822099510170.00
rmat_s24_ef24_0.45_0.15_0.15_0.25_exp kCS random 8 128 0 16777216 1676819 212934635 94.213847 1.964760 72 25951128 2092668230990.00
rmat_s24_ef24_0.45_0.15_0.15_0.25_exp kCS random 8 128 1 16777216 1674686 212936768 96.330042 1.936847 72 25951139 2092668555749.00
rmat_s24_ef24_0.45_0.15_0.15_0.25_uni kCS random 8 128 0 16777216 3144619 399334594 176.177658 4.269971 93 56744851 22645183345087.00
rmat_s24_ef24_0.45_0.15_0.15_0.25_uni kCS random 8 128 1 16777216 3146600 399332613 177.766174 4.338446 93 56744874 22645199804512.00
rmat_s24_ef24_0.55_0.15_0.15_0.15_exp kCS random 8 128 0 16777216 3117168 395636029 167.851511 4.078062 104 27774318 1989685964314.00
rmat_s24_ef24_0.55_0.15_0.15_0.15_exp kCS random 8 128 1 16777216 3116031 395637166 169.845169 4.088795 104 27774343 1989686521213.00
rmat_s24_ef24_0.55_0.15_0.15_0.15_uni kCS random 8 128 0 16777216 3115301 395639586 172.214019 4.203164 101 27770938 10305881305206.00
rmat_s24_ef24_0.55_0.15_0.15_0.15_uni kCS random 8 128 1 16777216 3117608 395637279 170.820978 4.145229 101 27770936 10305887676495.00
rmat_s24_ef24_0.25_0.25_0.25_0.25_exp kCS random 8 128 2 16777216 3147084 399505534 183.519269 3.596836 92 65557983 5554046892232.00
rmat_s24_ef24_0.25_0.25_0.25_0.25_uni kCS random 8 128 2 16777216 3143893 399508699 184.608990 3.547201 93 65558444 28822087307741.00
rmat_s24_ef24_0.45_0.15_0.15_0.25_exp kCS random 8 128 2 16777216 1677575 212933879 95.510051 1.963921 71 25951140 2092669189217.00
rmat_s24_ef24_0.45_0.15_0.15_0.25_uni kCS random 8 128 2 16777216 3145757 399333456 181.379956 4.268809 93 56744903 22645192164024.00
rmat_s24_ef24_0.55_0.15_0.15_0.15_exp kCS random 8 128 2 16777216 3115531 395637666 174.472980 4.133188 103 27774318 1989686133786.00
rmat_s24_ef24_0.55_0.15_0.15_0.15_uni kCS random 8 128 2 16777216 3115009 395639878 174.226016 4.151894 101 27770861 10305870349023.00