graph algo p k cores repeat v local_e cross_e read_time running_time rounds matching_size matching_weight
rmat_s28_ef8_0.25_0.25_0.25_0.25_exp kCS random 4 128 0 268435456 16779253 2130704317 59.325902 13.953077 47 500256603 35418122843891.00
rmat_s28_ef8_0.25_0.25_0.25_0.25_exp kCS random 4 128 1 268435456 16780057 2130703513 59.491715 14.037953 47 500256674 35418122605704.00
rmat_s28_ef8_0.25_0.25_0.25_0.25_exp kCS random 4 128 2 268435456 16774964 2130708606 59.232767 14.069534 46 500256705 35418124744425.00
rmat_s28_ef8_0.25_0.25_0.25_0.25_uni kCS random 4 128 0 268435456 16776751 2130706821 61.161860 14.237054 47 500262081 202636900109622.00
rmat_s28_ef8_0.25_0.25_0.25_0.25_uni kCS random 4 128 1 268435456 16769356 2130714216 60.501195 14.077903 47 500262104 202636905060220.00
rmat_s28_ef8_0.25_0.25_0.25_0.25_uni kCS random 4 128 2 268435456 16770481 2130713091 60.884840 13.973783 47 500262076 202636905807185.00
rmat_s28_ef8_0.45_0.15_0.15_0.25_exp kCS random 4 128 0 268435456 16777673 2130581329 59.479106 15.246616 52 388875593 25950168733099.00
rmat_s28_ef8_0.45_0.15_0.15_0.25_exp kCS random 4 128 1 268435456 16779736 2130579266 58.379760 14.887617 52 388875601 25950169920001.00
rmat_s28_ef8_0.45_0.15_0.15_0.25_exp kCS random 4 128 2 268435456 16776931 2130582071 59.054214 15.190938 53 388875655 25950168519441.00
rmat_s28_ef8_0.45_0.15_0.15_0.25_uni kCS random 4 128 0 268435456 16778412 2130580229 62.809484 15.355381 52 388863271 146193991835631.00
rmat_s28_ef8_0.45_0.15_0.15_0.25_uni kCS random 4 128 1 268435456 16773690 2130584951 60.496369 15.106984 51 388863279 146193995899015.00
rmat_s28_ef8_0.45_0.15_0.15_0.25_uni kCS random 4 128 2 268435456 16774958 2130583683 60.579505 15.171485 52 388863259 146193985475346.00
rmat_s28_ef8_0.55_0.15_0.15_0.15_exp kCS random 4 128 0 268435456 16757106 2127858722 56.885629 11.857074 60 163139611 10994947160989.00
rmat_s28_ef8_0.55_0.15_0.15_0.15_exp kCS random 4 128 1 268435456 16759387 2127856441 55.675701 11.896335 60 163139647 10994947623325.00
rmat_s28_ef8_0.55_0.15_0.15_0.15_exp kCS random 4 128 2 268435456 16757413 2127858415 56.441597 11.765505 60 163139634 10994947230275.00
rmat_s28_ef8_0.55_0.15_0.15_0.15_uni kCS random 4 128 0 268435456 16761516 2127850637 57.661619 11.701179 60 163115001 58827237802990.00
rmat_s28_ef8_0.55_0.15_0.15_0.15_uni kCS random 4 128 1 268435456 16759670 2127852483 57.639318 12.123069 60 163114909 58827233731122.00
rmat_s28_ef8_0.55_0.15_0.15_0.15_uni kCS random 4 128 2 268435456 16756740 2127855413 57.918777 11.417073 60 163115001 58827248132676.00
rmat_s26_ef8_0.25_0.25_0.25_0.25_exp kCS random 4 32 0 67108864 16781639 520089197 26.889042 12.150176 45 125065386 8854422200191.00
rmat_s26_ef8_0.25_0.25_0.25_0.25_exp kCS random 4 32 1 67108864 16780346 520090490 27.205771 12.109242 45 125065369 8854420678476.00
rmat_s26_ef8_0.25_0.25_0.25_0.25_exp kCS random 4 32 2 67108864 16770816 520100020 27.141370 12.143208 45 125065321 8854420549794.00
rmat_s26_ef8_0.25_0.25_0.25_0.25_uni kCS random 4 32 0 67108864 16775961 520094894 27.971094 12.165559 45 125065205 50660540654503.00
rmat_s26_ef8_0.25_0.25_0.25_0.25_uni kCS random 4 32 1 67108864 16781592 520089263 28.113087 12.388795 45 125065186 50660541910799.00
rmat_s26_ef8_0.25_0.25_0.25_0.25_uni kCS random 4 32 2 67108864 16786809 520084046 28.179657 12.095723 45 125065164 50660534010382.00
rmat_s26_ef8_0.45_0.15_0.15_0.25_exp kCS random 4 32 0 67108864 16774425 520029295 26.457524 12.684306 49 99094976 6623446619308.00
rmat_s26_ef8_0.45_0.15_0.15_0.25_exp kCS random 4 32 1 67108864 16778380 520025340 26.436319 12.633010 49 99095010 6623447029750.00
rmat_s26_ef8_0.45_0.15_0.15_0.25_exp kCS random 4 32 2 67108864 16780747 520022973 26.662771 12.705469 49 99094955 6623446916080.00
rmat_s26_ef8_0.45_0.15_0.15_0.25_uni kCS random 4 32 0 67108864 16773798 520029895 27.191808 12.678664 50 99095682 37362769918169.00
rmat_s26_ef8_0.45_0.15_0.15_0.25_uni kCS random 4 32 1 67108864 16773301 520030392 27.184655 12.828316 49 99095691 37362776940124.00
rmat_s26_ef8_0.45_0.15_0.15_0.25_uni kCS random 4 32 2 67108864 16779481 520024212 27.101103 12.673846 50 99095703 37362766487343.00
rmat_s26_ef8_0.55_0.15_0.15_0.15_exp kCS random 4 32 0 67108864 16733658 518866299 24.309450 9.685299 57 43903068 2956613069486.00
rmat_s26_ef8_0.55_0.15_0.15_0.15_exp kCS random 4 32 1 67108864 16740365 518859592 24.135291 9.735150 57 43903063 2956612934440.00
rmat_s26_ef8_0.55_0.15_0.15_0.15_exp kCS random 4 32 2 67108864 16737502 518862455 24.490214 9.699201 57 43903065 2956613323243.00
rmat_s26_ef8_0.55_0.15_0.15_0.15_uni kCS random 4 32 0 67108864 16733814 518866458 24.246435 9.694261 58 43903959 15864341532008.00
rmat_s26_ef8_0.55_0.15_0.15_0.15_uni kCS random 4 32 1 67108864 16740158 518860114 24.706763 9.695187 58 43903941 15864337176584.00
rmat_s26_ef8_0.55_0.15_0.15_0.15_uni kCS random 4 32 2 67108864 16737797 518862475 24.758728 9.684153 58 43903978 15864343867751.00
rmat_s27_ef8_0.25_0.25_0.25_0.25_exp kCS random 4 64 0 134217728 16780082 1056961677 37.530586 12.685501 46 250131910 17708749736440.00
rmat_s27_ef8_0.25_0.25_0.25_0.25_exp kCS random 4 64 1 134217728 16772434 1056969325 37.561101 12.659797 46 250131864 17708749265934.00
rmat_s27_ef8_0.25_0.25_0.25_0.25_exp kCS random 4 64 2 134217728 16775098 1056966661 37.258658 12.777591 46 250131909 17708751561507.00
rmat_s27_ef8_0.25_0.25_0.25_0.25_uni kCS random 4 64 0 134217728 16779371 1056962375 38.092922 12.626016 48 250130211 101317856129841.00
rmat_s27_ef8_0.25_0.25_0.25_0.25_uni kCS random 4 64 1 134217728 16780468 1056961278 38.344859 12.739114 48 250130180 101317847791640.00
rmat_s27_ef8_0.25_0.25_0.25_0.25_uni kCS random 4 64 2 134217728 16782411 1056959335 37.996786 12.691891 48 250130212 101317849243746.00
rmat_s27_ef8_0.45_0.15_0.15_0.25_exp kCS random 4 64 0 134217728 16766719 1056883262 36.903619 13.397134 54 196298332 13110582413470.00
rmat_s27_ef8_0.45_0.15_0.15_0.25_exp kCS random 4 64 1 134217728 16771069 1056878912 36.906787 13.507909 54 196298304 13110583482222.00
rmat_s27_ef8_0.45_0.15_0.15_0.25_exp kCS random 4 64 2 134217728 16774079 1056875902 37.173030 13.535626 54 196298347 13110583925398.00
rmat_s27_ef8_0.45_0.15_0.15_0.25_uni kCS random 4 64 0 134217728 16781660 1056868775 38.469605 13.403917 51 196299603 73901323064579.00
rmat_s27_ef8_0.45_0.15_0.15_0.25_uni kCS random 4 64 1 134217728 16777770 1056872665 38.057422 13.555524 51 196299534 73901323668288.00
rmat_s27_ef8_0.45_0.15_0.15_0.25_uni kCS random 4 64 2 134217728 16778328 1056872107 37.894821 13.368677 51 196299557 73901330089645.00
rmat_s27_ef8_0.55_0.15_0.15_0.15_exp kCS random 4 64 0 134217728 16744158 1055088544 34.875335 10.739194 58 84619286 5701195127799.00
rmat_s27_ef8_0.55_0.15_0.15_0.15_exp kCS random 4 64 1 134217728 16749462 1055083240 34.598266 10.594756 57 84619296 5701195445358.00
rmat_s27_ef8_0.55_0.15_0.15_0.15_exp kCS random 4 64 2 134217728 16745240 1055087462 34.611242 10.619323 58 84619299 5701196006119.00
rmat_s27_ef8_0.55_0.15_0.15_0.15_uni kCS random 4 64 0 134217728 16751190 1055079445 36.142195 10.505181 59 84616264 30544657384364.00
rmat_s27_ef8_0.55_0.15_0.15_0.15_uni kCS random 4 64 1 134217728 16743744 1055086891 35.233388 10.672966 59 84616274 30544667608292.00
rmat_s27_ef8_0.55_0.15_0.15_0.15_uni kCS random 4 64 2 134217728 16739981 1055090654 36.236751 10.652929 59 84616260 30544657179008.00
rmat_s26_ef8_0.25_0.25_0.25_0.25_exp kCS random 4 128 0 67108864 4195175 532675661 20.383608 3.344081 45 125065386 8854422200191.00
rmat_s26_ef8_0.25_0.25_0.25_0.25_exp kCS random 4 128 1 67108864 4196704 532674132 20.404818 3.376639 45 125065369 8854420678476.00
rmat_s26_ef8_0.25_0.25_0.25_0.25_exp kCS random 4 128 2 67108864 4194070 532676766 20.468073 3.362651 45 125065321 8854420549794.00
rmat_s26_ef8_0.25_0.25_0.25_0.25_uni kCS random 4 128 0 67108864 4193329 532677526 22.196396 3.378385 45 125065205 50660540654503.00
rmat_s26_ef8_0.25_0.25_0.25_0.25_uni kCS random 4 128 1 67108864 4195542 532675313 21.198330 3.371699 45 125065186 50660541910799.00
rmat_s26_ef8_0.25_0.25_0.25_0.25_uni kCS random 4 128 2 67108864 4197605 532673250 21.552395 3.379725 45 125065164 50660534010382.00
rmat_s26_ef8_0.45_0.15_0.15_0.25_exp kCS random 4 128 0 67108864 4193839 532609881 21.015537 3.369262 49 99094976 6623446619308.00
rmat_s26_ef8_0.45_0.15_0.15_0.25_exp kCS random 4 128 1 67108864 4192994 532610726 20.331789 3.374538 49 99095010 6623447029750.00
rmat_s26_ef8_0.45_0.15_0.15_0.25_exp kCS random 4 128 2 67108864 4192394 532611326 20.513207 3.391034 49 99094955 6623446916080.00
rmat_s26_ef8_0.45_0.15_0.15_0.25_uni kCS random 4 128 0 67108864 4190194 532613499 21.737134 3.373193 50 99095682 37362769918169.00
rmat_s26_ef8_0.45_0.15_0.15_0.25_uni kCS random 4 128 1 67108864 4193040 532610653 21.045558 3.343920 50 99095691 37362776940124.00
rmat_s26_ef8_0.45_0.15_0.15_0.25_uni kCS random 4 128 2 67108864 4194639 532609054 21.096103 3.387816 50 99095703 37362766487343.00
rmat_s26_ef8_0.55_0.15_0.15_0.15_exp kCS random 4 128 0 67108864 4184438 531415519 19.137514 2.800304 57 43903068 2956613069486.00
rmat_s26_ef8_0.55_0.15_0.15_0.15_exp kCS random 4 128 1 67108864 4183332 531416625 19.163288 2.806718 57 43903063 2956612934440.00
rmat_s26_ef8_0.55_0.15_0.15_0.15_exp kCS random 4 128 2 67108864 4185101 531414856 19.055583 2.798513 57 43903065 2956613323243.00
rmat_s26_ef8_0.55_0.15_0.15_0.15_uni kCS random 4 128 0 67108864 4180605 531419667 19.883364 2.799864 58 43903959 15864341532008.00
rmat_s26_ef8_0.55_0.15_0.15_0.15_uni kCS random 4 128 1 67108864 4184326 531415946 20.343369 2.838769 58 43903941 15864337176584.00
rmat_s26_ef8_0.55_0.15_0.15_0.15_uni kCS random 4 128 2 67108864 4180605 531419667 20.043249 2.797505 58 43903978 15864343867751.00
rmat_s27_ef8_0.25_0.25_0.25_0.25_exp kCS random 4 128 0 134217728 8387488 1065354271 40.869660 6.859847 46 250131910 17708749736440.00
rmat_s27_ef8_0.25_0.25_0.25_0.25_exp kCS random 4 128 1 134217728 8387365 1065354394 41.206100 6.705932 46 250131864 17708749265934.00
rmat_s27_ef8_0.25_0.25_0.25_0.25_exp kCS random 4 128 2 134217728 8385893 1065355866 41.321995 7.083062 46 250131909 17708751561507.00
rmat_s27_ef8_0.25_0.25_0.25_0.25_uni kCS random 4 128 0 134217728 8391624 1065350122 42.266621 6.791626 48 250130211 101317856129841.00
rmat_s27_ef8_0.25_0.25_0.25_0.25_uni kCS random 4 128 1 134217728 8390733 1065351013 42.455603 6.813071 48 250130180 101317847791640.00
rmat_s27_ef8_0.25_0.25_0.25_0.25_uni kCS random 4 128 2 134217728 8390214 1065351532 42.578338 6.815659 48 250130212 101317849243746.00
rmat_s27_ef8_0.45_0.15_0.15_0.25_exp kCS random 4 128 0 134217728 8385999 1065263982 40.727971 7.016454 54 196298332 13110582413470.00
rmat_s27_ef8_0.45_0.15_0.15_0.25_exp kCS random 4 128 1 134217728 8387624 1065262357 40.809527 7.052141 54 196298304 13110583482222.00
rmat_s27_ef8_0.45_0.15_0.15_0.25_exp kCS random 4 128 2 134217728 8381884 1065268097 40.771133 7.113949 54 196298347 13110583925398.00
rmat_s27_ef8_0.45_0.15_0.15_0.25_uni kCS random 4 128 0 134217728 8388363 1065262072 41.914394 7.030912 51 196299603 73901323064579.00
rmat_s27_ef8_0.45_0.15_0.15_0.25_uni kCS random 4 128 1 134217728 8385690 1065264745 42.014263 7.125620 51 196299534 73901323668288.00
rmat_s27_ef8_0.45_0.15_0.15_0.25_uni kCS random 4 128 2 134217728 8392543 1065257892 42.404096 7.036596 51 196299557 73901330089645.00
rmat_s27_ef8_0.55_0.15_0.15_0.15_exp kCS random 4 128 0 134217728 8377623 1063455079 38.811572 5.585823 58 84619286 5701195127799.00
rmat_s27_ef8_0.55_0.15_0.15_0.15_exp kCS random 4 128 1 134217728 8375617 1063457085 38.236773 5.798212 57 84619296 5701195445358.00
rmat_s27_ef8_0.55_0.15_0.15_0.15_exp kCS random 4 128 2 134217728 8368901 1063463801 38.273783 5.599109 58 84619299 5701196006119.00
rmat_s27_ef8_0.55_0.15_0.15_0.15_uni kCS random 4 128 0 134217728 8379269 1063451366 40.322208 5.586687 59 84616264 30544657384364.00
rmat_s27_ef8_0.55_0.15_0.15_0.15_uni kCS random 4 128 1 134217728 8371126 1063459509 40.601272 5.558534 59 84616274 30544667608292.00
rmat_s27_ef8_0.55_0.15_0.15_0.15_uni kCS random 4 128 2 134217728 8372907 1063457728 40.425079 5.586553 59 84616260 30544657179008.00
rmat_s26_ef8_0.25_0.25_0.25_0.25_exp kCS random 4 16 0 67108864 33552532 503318304 44.361689 24.050947 45 125065386 8854422200191.00
rmat_s26_ef8_0.25_0.25_0.25_0.25_exp kCS random 4 16 1 67108864 33560158 503310678 43.846194 23.955910 45 125065369 8854420678476.00
rmat_s26_ef8_0.25_0.25_0.25_0.25_exp kCS random 4 16 2 67108864 33546013 503324823 44.097564 23.984930 45 125065321 8854420549794.00
rmat_s26_ef8_0.25_0.25_0.25_0.25_uni kCS random 4 16 0 67108864 33554114 503316741 44.593813 23.975287 45 125065205 50660540654503.00
rmat_s26_ef8_0.25_0.25_0.25_0.25_uni kCS random 4 16 1 67108864 33557725 503313130 44.586848 23.987621 45 125065186 50660541910799.00
rmat_s26_ef8_0.25_0.25_0.25_0.25_uni kCS random 4 16 2 67108864 33566889 503303966 45.007859 23.971230 45 125065164 50660534010382.00
rmat_s26_ef8_0.45_0.15_0.15_0.25_exp kCS random 4 16 0 67108864 33552372 503251348 43.003587 24.621811 48 99094976 6623446619308.00
rmat_s26_ef8_0.45_0.15_0.15_0.25_exp kCS random 4 16 1 67108864 33560438 503243282 42.288516 24.726216 49 99095010 6623447029750.00
rmat_s26_ef8_0.45_0.15_0.15_0.25_exp kCS random 4 16 2 67108864 33555372 503248348 42.291317 24.778700 49 99094955 6623446916080.00
rmat_s26_ef8_0.45_0.15_0.15_0.25_uni kCS random 4 16 0 67108864 33542727 503260966 43.651935 24.614083 50 99095682 37362769918169.00
rmat_s26_ef8_0.45_0.15_0.15_0.25_uni kCS random 4 16 1 67108864 33548898 503254795 44.007308 24.829013 49 99095691 37362776940124.00
rmat_s26_ef8_0.45_0.15_0.15_0.25_uni kCS random 4 16 2 67108864 33554811 503248882 43.550459 24.742534 49 99095703 37362766487343.00
rmat_s26_ef8_0.55_0.15_0.15_0.15_exp kCS random 4 16 0 67108864 33472367 502127590 37.968344 18.821945 57 43903068 2956613069486.00
rmat_s26_ef8_0.55_0.15_0.15_0.15_exp kCS random 4 16 1 67108864 33477611 502122346 37.642381 18.806966 57 43903063 2956612934440.00
rmat_s26_ef8_0.55_0.15_0.15_0.15_exp kCS random 4 16 2 67108864 33473971 502125986 38.084361 18.961786 57 43903065 2956613323243.00
rmat_s26_ef8_0.55_0.15_0.15_0.15_uni kCS random 4 16 0 67108864 33471518 502128754 39.472611 18.713924 57 43903959 15864341532008.00
rmat_s26_ef8_0.55_0.15_0.15_0.15_uni kCS random 4 16 1 67108864 33478264 502122008 39.087638 18.808108 58 43903941 15864337176584.00
rmat_s26_ef8_0.55_0.15_0.15_0.15_uni kCS random 4 16 2 67108864 33472584 502127688 38.570127 18.737035 57 43903978 15864343867751.00
rmat_s27_ef8_0.25_0.25_0.25_0.25_exp kCS random 4 16 0 134217728 67124486 1006617273 91.796125 48.557219 46 250131910 17708749736440.00
rmat_s27_ef8_0.25_0.25_0.25_0.25_exp kCS random 4 16 1 134217728 67109014 1006632745 90.212305 48.973148 46 250131864 17708749265934.00
rmat_s27_ef8_0.25_0.25_0.25_0.25_exp kCS random 4 16 2 134217728 67100528 1006641231 90.602466 48.801117 46 250131909 17708751561507.00
rmat_s27_ef8_0.25_0.25_0.25_0.25_uni kCS random 4 16 0 134217728 67120600 1006621146 91.661080 48.533243 47 250130211 101317856129841.00
rmat_s27_ef8_0.25_0.25_0.25_0.25_uni kCS random 4 16 1 134217728 67120547 1006621199 91.918910 48.548351 48 250130180 101317847791640.00
rmat_s27_ef8_0.25_0.25_0.25_0.25_uni kCS random 4 16 2 134217728 67109863 1006631883 91.846797 48.824730 48 250130212 101317849243746.00
rmat_s27_ef8_0.45_0.15_0.15_0.25_exp kCS random 4 16 0 134217728 67077808 1006572173 88.283782 51.096133 54 196298332 13110582413470.00
rmat_s27_ef8_0.45_0.15_0.15_0.25_exp kCS random 4 16 1 134217728 67098448 1006551533 88.115176 50.769691 54 196298304 13110583482222.00
rmat_s27_ef8_0.45_0.15_0.15_0.25_exp kCS random 4 16 2 134217728 67099780 1006550201 87.877016 51.145615 54 196298347 13110583925398.00
rmat_s27_ef8_0.45_0.15_0.15_0.25_uni kCS random 4 16 0 134217728 67107890 1006542545 90.117655 51.060837 50 196299603 73901323064579.00
rmat_s27_ef8_0.45_0.15_0.15_0.25_uni kCS random 4 16 1 134217728 67105968 1006544467 90.267397 51.242726 50 196299534 73901323668288.00
rmat_s27_ef8_0.45_0.15_0.15_0.25_uni kCS random 4 16 2 134217728 67106517 1006543918 90.406025 51.233919 51 196299557 73901330089645.00
rmat_s27_ef8_0.55_0.15_0.15_0.15_exp kCS random 4 16 0 134217728 66985279 1004847423 79.346746 39.857372 58 84619286 5701195127799.00
rmat_s27_ef8_0.55_0.15_0.15_0.15_exp kCS random 4 16 1 134217728 66993972 1004838730 79.357685 39.429093 56 84619296 5701195445358.00
rmat_s27_ef8_0.55_0.15_0.15_0.15_exp kCS random 4 16 2 134217728 66977692 1004855010 80.150838 39.777148 58 84619299 5701196006119.00
rmat_s27_ef8_0.55_0.15_0.15_0.15_uni kCS random 4 16 0 134217728 66997023 1004833612 82.005426 39.343019 59 84616264 30544657384364.00
rmat_s27_ef8_0.55_0.15_0.15_0.15_uni kCS random 4 16 1 134217728 66993279 1004837356 83.631936 39.598095 58 84616274 30544667608292.00
rmat_s27_ef8_0.55_0.15_0.15_0.15_uni kCS random 4 16 2 134217728 66989140 1004841495 82.109342 39.483012 58 84616260 30544657179008.00
rmat_s28_ef8_0.25_0.25_0.25_0.25_exp kCS random 4 16 0 268435456 134217354 2013266216 184.198731 99.038621 46 500256603 35418122843891.00
rmat_s28_ef8_0.25_0.25_0.25_0.25_exp kCS random 4 16 1 268435456 134235380 2013248190 185.191944 98.986535 47 500256674 35418122605704.00
rmat_s28_ef8_0.25_0.25_0.25_0.25_exp kCS random 4 16 2 268435456 134208430 2013275140 184.249278 99.620712 46 500256705 35418124744425.00
rmat_s28_ef8_0.25_0.25_0.25_0.25_uni kCS random 4 16 0 268435456 134223190 2013260382 189.635024 99.786620 47 500262081 202636900109622.00
rmat_s28_ef8_0.25_0.25_0.25_0.25_uni kCS random 4 16 1 268435456 134213999 2013269573 189.560156 99.304752 47 500262104 202636905060220.00
rmat_s28_ef8_0.25_0.25_0.25_0.25_uni kCS random 4 16 2 268435456 134210009 2013273563 186.904077 100.487877 47 500262076 202636905807185.00
rmat_s28_ef8_0.45_0.15_0.15_0.25_exp kCS random 4 16 0 268435456 134200009 2013158993 183.447078 104.915356 52 388875593 25950168733099.00
rmat_s28_ef8_0.45_0.15_0.15_0.25_exp kCS random 4 16 1 268435456 134225947 2013133055 181.806953 104.871722 52 388875601 25950169920001.00
rmat_s28_ef8_0.45_0.15_0.15_0.25_exp kCS random 4 16 2 268435456 134190985 2013168017 188.714102 105.446792 53 388875655 25950168519441.00
rmat_s28_ef8_0.45_0.15_0.15_0.25_uni kCS random 4 16 0 268435456 134220476 2013138165 186.162067 104.401063 51 388863271 146193991835631.00
rmat_s28_ef8_0.45_0.15_0.15_0.25_uni kCS random 4 16 1 268435456 134204745 2013153896 188.782046 105.181789 51 388863279 146193995899015.00
rmat_s28_ef8_0.45_0.15_0.15_0.25_uni kCS random 4 16 2 268435456 134211146 2013147495 185.731654 104.229856 52 388863259 146193985475346.00
rmat_s28_ef8_0.55_0.15_0.15_0.15_exp kCS random 4 16 0 268435456 134029480 2010586348 169.456609 83.087090 59 163139611 10994947160989.00
rmat_s28_ef8_0.55_0.15_0.15_0.15_exp kCS random 4 16 1 268435456 134062655 2010553173 165.656187 83.584797 60 163139647 10994947623325.00
rmat_s28_ef8_0.55_0.15_0.15_0.15_exp kCS random 4 16 2 268435456 134042178 2010573650 166.574065 83.549923 59 163139634 10994947230275.00
rmat_s28_ef8_0.55_0.15_0.15_0.15_uni kCS random 4 16 0 268435456 134029538 2010582615 170.069693 83.252003 60 163115001 58827237802990.00
rmat_s28_ef8_0.55_0.15_0.15_0.15_uni kCS random 4 16 1 268435456 134044352 2010567801 168.661993 83.109347 60 163114909 58827233731122.00
rmat_s28_ef8_0.55_0.15_0.15_0.15_uni kCS random 4 16 2 268435456 134029796 2010582357 169.281435 83.017729 60 163115001 58827248132676.00
rmat_s27_ef8_0.25_0.25_0.25_0.25_exp kCS random 4 32 0 134217728 33556313 1040185446 55.684800 25.388177 46 250131910 17708749736440.00
rmat_s27_ef8_0.25_0.25_0.25_0.25_exp kCS random 4 32 1 134217728 33549238 1040192521 56.212254 25.058256 46 250131864 17708749265934.00
rmat_s27_ef8_0.25_0.25_0.25_0.25_exp kCS random 4 32 2 134217728 33545646 1040196113 55.764606 25.278430 46 250131909 17708751561507.00
rmat_s27_ef8_0.25_0.25_0.25_0.25_uni kCS random 4 32 0 134217728 33558153 1040183593 57.330189 25.268179 48 250130211 101317856129841.00
rmat_s27_ef8_0.25_0.25_0.25_0.25_uni kCS random 4 32 1 134217728 33560005 1040181741 56.374083 25.049947 48 250130180 101317847791640.00
rmat_s27_ef8_0.25_0.25_0.25_0.25_uni kCS random 4 32 2 134217728 33556420 1040185326 57.328913 25.084570 48 250130212 101317849243746.00
rmat_s27_ef8_0.45_0.15_0.15_0.25_exp kCS random 4 32 0 134217728 33531976 1040118005 55.866042 26.666386 54 196298332 13110582413470.00
rmat_s27_ef8_0.45_0.15_0.15_0.25_exp kCS random 4 32 1 134217728 33542471 1040107510 55.128197 26.515391 54 196298304 13110583482222.00
rmat_s27_ef8_0.45_0.15_0.15_0.25_exp kCS random 4 32 2 134217728 33547499 1040102482 55.077448 26.562047 54 196298347 13110583925398.00
rmat_s27_ef8_0.45_0.15_0.15_0.25_uni kCS random 4 32 0 134217728 33553889 1040096546 55.590836 26.492820 51 196299603 73901323064579.00
rmat_s27_ef8_0.45_0.15_0.15_0.25_uni kCS random 4 32 1 134217728 33555000 1040095435 55.542414 26.539382 50 196299534 73901323668288.00
rmat_s27_ef8_0.45_0.15_0.15_0.25_uni kCS random 4 32 2 134217728 33548923 1040101512 57.128328 26.539985 51 196299557 73901330089645.00
rmat_s27_ef8_0.55_0.15_0.15_0.15_exp kCS random 4 32 0 134217728 33496646 1038336056 50.982884 20.487306 58 84619286 5701195127799.00
rmat_s27_ef8_0.55_0.15_0.15_0.15_exp kCS random 4 32 1 134217728 33497379 1038335323 49.751876 20.510284 56 84619296 5701195445358.00
rmat_s27_ef8_0.55_0.15_0.15_0.15_exp kCS random 4 32 2 134217728 33493767 1038338935 50.266495 20.502957 58 84619299 5701196006119.00
rmat_s27_ef8_0.55_0.15_0.15_0.15_uni kCS random 4 32 0 134217728 33495231 1038335404 51.195856 20.498825 59 84616264 30544657384364.00
rmat_s27_ef8_0.55_0.15_0.15_0.15_uni kCS random 4 32 1 134217728 33492845 1038337790 50.896382 20.583054 59 84616274 30544667608292.00
rmat_s27_ef8_0.55_0.15_0.15_0.15_uni kCS random 4 32 2 134217728 33488474 1038342161 50.963789 20.534402 59 84616260 30544657179008.00
rmat_s28_ef8_0.25_0.25_0.25_0.25_exp kCS random 4 32 0 268435456 67104882 2080378688 115.156006 51.045088 46 500256603 35418122843891.00
rmat_s28_ef8_0.25_0.25_0.25_0.25_exp kCS random 4 32 1 268435456 67122764 2080360806 113.786037 51.003231 47 500256674 35418122605704.00
rmat_s28_ef8_0.25_0.25_0.25_0.25_exp kCS random 4 32 2 268435456 67098365 2080385205 114.373455 51.118330 46 500256705 35418124744425.00
rmat_s28_ef8_0.25_0.25_0.25_0.25_uni kCS random 4 32 0 268435456 67108948 2080374624 119.429022 51.029744 47 500262081 202636900109622.00
rmat_s28_ef8_0.25_0.25_0.25_0.25_uni kCS random 4 32 1 268435456 67109682 2080373890 114.849822 51.172715 47 500262104 202636905060220.00
rmat_s28_ef8_0.25_0.25_0.25_0.25_uni kCS random 4 32 2 268435456 67102517 2080381055 117.018874 51.169877 47 500262076 202636905807185.00
rmat_s28_ef8_0.45_0.15_0.15_0.25_exp kCS random 4 32 0 268435456 67099808 2080259194 112.659071 55.098632 52 388875593 25950168733099.00
rmat_s28_ef8_0.45_0.15_0.15_0.25_exp kCS random 4 32 1 268435456 67119917 2080239085 112.962785 54.784726 52 388875601 25950169920001.00
rmat_s28_ef8_0.45_0.15_0.15_0.25_exp kCS random 4 32 2 268435456 67099121 2080259881 112.198115 55.178536 53 388875655 25950168519441.00
rmat_s28_ef8_0.45_0.15_0.15_0.25_uni kCS random 4 32 0 268435456 67109684 2080248957 115.801218 54.747679 51 388863271 146193991835631.00
rmat_s28_ef8_0.45_0.15_0.15_0.25_uni kCS random 4 32 1 268435456 67103617 2080255024 115.282532 54.887144 51 388863279 146193995899015.00
rmat_s28_ef8_0.45_0.15_0.15_0.25_uni kCS random 4 32 2 268435456 67115143 2080243498 115.539510 54.907177 52 388863259 146193985475346.00
rmat_s28_ef8_0.55_0.15_0.15_0.15_exp kCS random 4 32 0 268435456 67015755 2077600073 104.293693 42.892543 59 163139611 10994947160989.00
rmat_s28_ef8_0.55_0.15_0.15_0.15_exp kCS random 4 32 1 268435456 67031909 2077583919 104.428790 42.828028 60 163139647 10994947623325.00
rmat_s28_ef8_0.55_0.15_0.15_0.15_exp kCS random 4 32 2 268435456 67015389 2077600439 103.928021 42.799238 59 163139634 10994947230275.00
rmat_s28_ef8_0.55_0.15_0.15_0.15_uni kCS random 4 32 0 268435456 67013638 2077598515 107.459885 42.694271 60 163115001 58827237802990.00
rmat_s28_ef8_0.55_0.15_0.15_0.15_uni kCS random 4 32 1 268435456 67027293 2077584860 106.284114 43.220802 60 163114909 58827233731122.00
rmat_s28_ef8_0.55_0.15_0.15_0.15_uni kCS random 4 32 2 268435456 67008993 2077603160 106.476861 42.697022 60 163115001 58827248132676.00
rmat_s26_ef8_0.25_0.25_0.25_0.25_exp kCS random 4 64 0 67108864 8392253 528478583 18.190607 6.239387 45 125065386 8854422200191.00
rmat_s26_ef8_0.25_0.25_0.25_0.25_exp kCS random 4 64 1 67108864 8390938 528479898 17.963009 6.145192 45 125065369 8854420678476.00
rmat_s26_ef8_0.25_0.25_0.25_0.25_exp kCS random 4 64 2 67108864 8386616 528484220 17.897333 6.366845 45 125065321 8854420549794.00
rmat_s26_ef8_0.25_0.25_0.25_0.25_uni kCS random 4 64 0 67108864 8387812 528483043 18.472775 6.253136 45 125065205 50660540654503.00
rmat_s26_ef8_0.25_0.25_0.25_0.25_uni kCS random 4 64 1 67108864 8392697 528478158 18.342032 6.311964 45 125065186 50660541910799.00
rmat_s26_ef8_0.25_0.25_0.25_0.25_uni kCS random 4 64 2 67108864 8393615 528477240 18.439235 6.238398 45 125065164 50660534010382.00
rmat_s26_ef8_0.45_0.15_0.15_0.25_exp kCS random 4 64 0 67108864 8386531 528417189 18.635599 6.404035 49 99094976 6623446619308.00
rmat_s26_ef8_0.45_0.15_0.15_0.25_exp kCS random 4 64 1 67108864 8388619 528415101 17.961109 6.356092 49 99095010 6623447029750.00
rmat_s26_ef8_0.45_0.15_0.15_0.25_exp kCS random 4 64 2 67108864 8385437 528418283 18.028635 6.453239 49 99094955 6623446916080.00
rmat_s26_ef8_0.45_0.15_0.15_0.25_uni kCS random 4 64 0 67108864 8383721 528419972 18.886229 6.561448 50 99095682 37362769918169.00
rmat_s26_ef8_0.45_0.15_0.15_0.25_uni kCS random 4 64 1 67108864 8386128 528417565 18.393321 6.699877 50 99095691 37362776940124.00
rmat_s26_ef8_0.45_0.15_0.15_0.25_uni kCS random 4 64 2 67108864 8389026 528414667 18.503475 6.568791 50 99095703 37362766487343.00
rmat_s26_ef8_0.55_0.15_0.15_0.15_exp kCS random 4 64 0 67108864 8367094 527232863 17.085931 5.035827 57 43903068 2956613069486.00
rmat_s26_ef8_0.55_0.15_0.15_0.15_exp kCS random 4 64 1 67108864 8366711 527233246 16.818298 5.065200 57 43903063 2956612934440.00
rmat_s26_ef8_0.55_0.15_0.15_0.15_exp kCS random 4 64 2 67108864 8367333 527232624 17.041690 5.032594 57 43903065 2956613323243.00
rmat_s26_ef8_0.55_0.15_0.15_0.15_uni kCS random 4 64 0 67108864 8366756 527233516 17.100376 5.063350 58 43903959 15864341532008.00
rmat_s26_ef8_0.55_0.15_0.15_0.15_uni kCS random 4 64 1 67108864 8368232 527232040 17.177838 5.068250 58 43903941 15864337176584.00
rmat_s26_ef8_0.55_0.15_0.15_0.15_uni kCS random 4 64 2 67108864 8366508 527233764 17.388598 5.014851 58 43903978 15864343867751.00
rmat_s28_ef8_0.25_0.25_0.25_0.25_exp kCS random 4 64 0 268435456 33552238 2113931332 75.617101 27.067095 46 500256603 35418122843891.00
rmat_s28_ef8_0.25_0.25_0.25_0.25_exp kCS random 4 64 1 268435456 33563231 2113920339 75.923382 26.608279 47 500256674 35418122605704.00
rmat_s28_ef8_0.25_0.25_0.25_0.25_exp kCS random 4 64 2 268435456 33551631 2113931939 75.297282 26.552892 46 500256705 35418124744425.00
rmat_s28_ef8_0.25_0.25_0.25_0.25_uni kCS random 4 64 0 268435456 33554203 2113929369 77.635227 26.965676 47 500262081 202636900109622.00
rmat_s28_ef8_0.25_0.25_0.25_0.25_uni kCS random 4 64 1 268435456 33545906 2113937666 79.164484 26.262668 47 500262104 202636905060220.00
rmat_s28_ef8_0.25_0.25_0.25_0.25_uni kCS random 4 64 2 268435456 33548925 2113934647 77.371814 27.120454 47 500262076 202636905807185.00
rmat_s28_ef8_0.45_0.15_0.15_0.25_exp kCS random 4 64 0 268435456 33553587 2113805415 76.379463 28.239072 52 388875593 25950168733099.00
rmat_s28_ef8_0.45_0.15_0.15_0.25_exp kCS random 4 64 1 268435456 33556050 2113802952 75.929500 29.566997 52 388875601 25950169920001.00
rmat_s28_ef8_0.45_0.15_0.15_0.25_exp kCS random 4 64 2 268435456 33547076 2113811926 76.430234 28.806218 53 388875655 25950168519441.00
rmat_s28_ef8_0.45_0.15_0.15_0.25_uni kCS random 4 64 0 268435456 33561145 2113797496 77.795601 29.324700 52 388863271 146193991835631.00
rmat_s28_ef8_0.45_0.15_0.15_0.25_uni kCS random 4 64 1 268435456 33549997 2113808644 77.185590 29.014679 51 388863279 146193995899015.00
rmat_s28_ef8_0.45_0.15_0.15_0.25_uni kCS random 4 64 2 268435456 33552318 2113806323 77.101426 29.503266 52 388863259 146193985475346.00
rmat_s28_ef8_0.55_0.15_0.15_0.15_exp kCS random 4 64 0 268435456 33510748 2111105080 71.438895 22.197431 60 163139611 10994947160989.00
rmat_s28_ef8_0.55_0.15_0.15_0.15_exp kCS random 4 64 1 268435456 33510489 2111105339 70.999425 22.629431 60 163139647 10994947623325.00
rmat_s28_ef8_0.55_0.15_0.15_0.15_exp kCS random 4 64 2 268435456 33512346 2111103482 70.395416 22.180147 59 163139634 10994947230275.00
rmat_s28_ef8_0.55_0.15_0.15_0.15_uni kCS random 4 64 0 268435456 33512920 2111099233 73.539141 22.797001 60 163115001 58827237802990.00
rmat_s28_ef8_0.55_0.15_0.15_0.15_uni kCS random 4 64 1 268435456 33519115 2111093038 73.422562 22.614776 60 163114909 58827233731122.00
rmat_s28_ef8_0.55_0.15_0.15_0.15_uni kCS random 4 64 2 268435456 33507248 2111104905 73.090441 22.123010 60 163115001 58827248132676.00
rmat_s26_ef8_0.25_0.25_0.25_0.25_exp kCS random 4 8 0 67108864 67114066 469756770 77.415265 44.078223 44 125065386 8854422200191.00
rmat_s26_ef8_0.25_0.25_0.25_0.25_exp kCS random 4 8 1 67108864 67113743 469757093 77.873446 44.407088 45 125065369 8854420678476.00
rmat_s26_ef8_0.25_0.25_0.25_0.25_exp kCS random 4 8 2 67108864 67102462 469768374 77.763043 44.047301 45 125065321 8854420549794.00
rmat_s26_ef8_0.25_0.25_0.25_0.25_uni kCS random 4 8 0 67108864 67098494 469772361 77.231378 44.229267 45 125065205 50660540654503.00
rmat_s26_ef8_0.25_0.25_0.25_0.25_uni kCS random 4 8 1 67108864 67120286 469750569 76.433027 43.834967 45 125065186 50660541910799.00
rmat_s26_ef8_0.25_0.25_0.25_0.25_uni kCS random 4 8 2 67108864 67118400 469752455 76.351074 43.900211 45 125065164 50660534010382.00
rmat_s26_ef8_0.45_0.15_0.15_0.25_exp kCS random 4 8 0 67108864 67094446 469709274 75.588625 45.858369 48 99094976 6623446619308.00
rmat_s26_ef8_0.45_0.15_0.15_0.25_exp kCS random 4 8 1 67108864 67117864 469685856 73.825980 45.928600 49 99095010 6623447029750.00
rmat_s26_ef8_0.45_0.15_0.15_0.25_exp kCS random 4 8 2 67108864 67107284 469696436 73.643173 45.536312 49 99094955 6623446916080.00
rmat_s26_ef8_0.45_0.15_0.15_0.25_uni kCS random 4 8 0 67108864 67095551 469708142 75.727803 45.649451 49 99095682 37362769918169.00
rmat_s26_ef8_0.45_0.15_0.15_0.25_uni kCS random 4 8 1 67108864 67093474 469710219 75.408418 45.523817 49 99095691 37362776940124.00
rmat_s26_ef8_0.45_0.15_0.15_0.25_uni kCS random 4 8 2 67108864 67109641 469694052 75.468957 45.668067 48 99095703 37362766487343.00
rmat_s26_ef8_0.55_0.15_0.15_0.15_exp kCS random 4 8 0 67108864 66941257 468658700 66.023746 35.340659 57 43903068 2956613069486.00
rmat_s26_ef8_0.55_0.15_0.15_0.15_exp kCS random 4 8 1 67108864 66958988 468640969 65.170002 35.345460 57 43903063 2956612934440.00
rmat_s26_ef8_0.55_0.15_0.15_0.15_exp kCS random 4 8 2 67108864 66948332 468651625 65.312684 35.545717 57 43903065 2956613323243.00
rmat_s26_ef8_0.55_0.15_0.15_0.15_uni kCS random 4 8 0 67108864 66946610 468653662 67.002785 35.158328 57 43903959 15864341532008.00
rmat_s26_ef8_0.55_0.15_0.15_0.15_uni kCS random 4 8 1 67108864 66939413 468660859 66.060633 35.307583 58 43903941 15864337176584.00
rmat_s26_ef8_0.55_0.15_0.15_0.15_uni kCS random 4 8 2 67108864 66944469 468655803 66.781029 35.353924 57 43903978 15864343867751.00
rmat_s27_ef8_0.25_0.25_0.25_0.25_exp kCS random 4 8 0 134217728 134228859 939512900 158.596716 90.626667 45 250131910 17708749736440.00
rmat_s27_ef8_0.25_0.25_0.25_0.25_exp kCS random 4 8 1 134217728 134212703 939529056 157.283465 91.303919 46 250131864 17708749265934.00
rmat_s27_ef8_0.25_0.25_0.25_0.25_exp kCS random 4 8 2 134217728 134190838 939550921 156.262219 90.282373 46 250131909 17708751561507.00
rmat_s27_ef8_0.25_0.25_0.25_0.25_uni kCS random 4 8 0 134217728 134239536 939502210 160.864376 90.259879 47 250130211 101317856129841.00
rmat_s27_ef8_0.25_0.25_0.25_0.25_uni kCS random 4 8 1 134217728 134228805 939512941 161.183977 91.109562 48 250130180 101317847791640.00
rmat_s27_ef8_0.25_0.25_0.25_0.25_uni kCS random 4 8 2 134217728 134206429 939535317 159.584466 90.333669 48 250130212 101317849243746.00
rmat_s27_ef8_0.45_0.15_0.15_0.25_exp kCS random 4 8 0 134217728 134181823 939468158 153.100730 94.897492 54 196298332 13110582413470.00
rmat_s27_ef8_0.45_0.15_0.15_0.25_exp kCS random 4 8 1 134217728 134191541 939458440 152.340994 94.472889 53 196298304 13110583482222.00
rmat_s27_ef8_0.45_0.15_0.15_0.25_exp kCS random 4 8 2 134217728 134200149 939449832 152.750362 95.464138 53 196298347 13110583925398.00
rmat_s27_ef8_0.45_0.15_0.15_0.25_uni kCS random 4 8 0 134217728 134198875 939451560 155.935387 94.829529 50 196299603 73901323064579.00
rmat_s27_ef8_0.45_0.15_0.15_0.25_uni kCS random 4 8 1 134217728 134211934 939438501 155.942196 95.227607 50 196299534 73901323668288.00
rmat_s27_ef8_0.45_0.15_0.15_0.25_uni kCS random 4 8 2 134217728 134198808 939451627 156.007320 94.933907 51 196299557 73901330089645.00
rmat_s27_ef8_0.55_0.15_0.15_0.15_exp kCS random 4 8 0 134217728 133967873 937864829 139.678647 74.762942 58 84619286 5701195127799.00
rmat_s27_ef8_0.55_0.15_0.15_0.15_exp kCS random 4 8 1 134217728 133979394 937853308 139.525498 74.316738 56 84619296 5701195445358.00
rmat_s27_ef8_0.55_0.15_0.15_0.15_exp kCS random 4 8 2 134217728 133961029 937871673 140.596727 74.878160 57 84619299 5701196006119.00
rmat_s27_ef8_0.55_0.15_0.15_0.15_uni kCS random 4 8 0 134217728 133978602 937852033 141.783747 75.395446 59 84616264 30544657384364.00
rmat_s27_ef8_0.55_0.15_0.15_0.15_uni kCS random 4 8 1 134217728 133979881 937850754 139.678464 74.668438 56 84616274 30544667608292.00
rmat_s27_ef8_0.55_0.15_0.15_0.15_uni kCS random 4 8 2 134217728 133966641 937863994 140.480033 74.456118 56 84616260 30544657179008.00
rmat_s28_ef8_0.25_0.25_0.25_0.25_exp kCS random 4 8 0 268435456 268401003 1879082567 323.315285 182.112686 46 500256603 35418122843891.00
rmat_s28_ef8_0.25_0.25_0.25_0.25_exp kCS random 4 8 1 268435456 268449126 1879034444 317.544408 180.713528 47 500256674 35418122605704.00
rmat_s28_ef8_0.25_0.25_0.25_0.25_exp kCS random 4 8 2 268435456 268422451 1879061119 318.945426 181.788337 46 500256705 35418124744425.00
rmat_s28_ef8_0.25_0.25_0.25_0.25_uni kCS random 4 8 0 268435456 268453414 1879030158 325.829669 181.411680 47 500262081 202636900109622.00
rmat_s28_ef8_0.25_0.25_0.25_0.25_uni kCS random 4 8 1 268435456 268441724 1879041848 331.305412 181.485379 45 500262104 202636905060220.00
rmat_s28_ef8_0.25_0.25_0.25_0.25_uni kCS random 4 8 2 268435456 268412571 1879071001 327.274385 181.549567 46 500262076 202636905807185.00
rmat_s28_ef8_0.45_0.15_0.15_0.25_exp kCS random 4 8 0 268435456 268413297 1878945705 313.652878 191.038181 52 388875593 25950168733099.00
rmat_s28_ef8_0.45_0.15_0.15_0.25_exp kCS random 4 8 1 268435456 268443107 1878915895 312.365537 191.018900 52 388875601 25950169920001.00
rmat_s28_ef8_0.45_0.15_0.15_0.25_exp kCS random 4 8 2 268435456 268428923 1878930079 313.856388 191.064106 53 388875655 25950168519441.00
rmat_s28_ef8_0.45_0.15_0.15_0.25_uni kCS random 4 8 0 268435456 268445025 1878913616 318.692778 191.006118 51 388863271 146193991835631.00
rmat_s28_ef8_0.45_0.15_0.15_0.25_uni kCS random 4 8 1 268435456 268400775 1878957866 323.513636 190.602293 51 388863279 146193995899015.00
rmat_s28_ef8_0.45_0.15_0.15_0.25_uni kCS random 4 8 2 268435456 268417963 1878940678 316.528219 190.941093 52 388863259 146193985475346.00
rmat_s28_ef8_0.55_0.15_0.15_0.15_exp kCS random 4 8 0 268435456 268079994 1876535834 289.333684 151.376114 58 163139611 10994947160989.00
rmat_s28_ef8_0.55_0.15_0.15_0.15_exp kCS random 4 8 1 268435456 268085416 1876530412 286.845079 151.390537 59 163139647 10994947623325.00
rmat_s28_ef8_0.55_0.15_0.15_0.15_exp kCS random 4 8 2 268435456 268072872 1876542956 287.138883 151.976338 58 163139634 10994947230275.00
rmat_s28_ef8_0.55_0.15_0.15_0.15_uni kCS random 4 8 0 268435456 268064491 1876547662 294.171794 150.442831 60 163115001 58827237802990.00
rmat_s28_ef8_0.55_0.15_0.15_0.15_uni kCS random 4 8 1 268435456 268088009 1876524144 293.322740 151.203038 59 163114909 58827233731122.00
rmat_s28_ef8_0.55_0.15_0.15_0.15_uni kCS random 4 8 2 268435456 268076283 1876535870 298.790161 150.697634 59 163115001 58827248132676.00
